  0.95141939
 -0.56103605
 -1.45474453
 -1.22933139
 -0.46341091
  1.05325628
 -0.06607476
 -0.98198153
 -1.25557422
  0.73962999
 -0.54439997
  0.82612373
 -0.67318661
  1.45986757
  2.17315297
 -1.41042018
 -0.59869536
 -1.34146985
  2.52325607
 -1.81780304
  0.00356271
  1.57543887
  0.07255277
  0.05894606
  2.19235305
 -0.35264551
 -0.69864381
 -0.44550442
 -1.09337118
 -1.24537283
  0.91317469
 -0.31990927
 -1.23739265
 -0.59354007
  1.96249990
 -0.47325367
 -0.37802841
 -0.91598676
  0.49946173
  0.57173845
  0.97592797
 -0.14367208
  0.86456042
  1.17627357
  0.25040649
  1.07190833
  1.98181314
  0.20372956
 -1.61922299
  0.67769142
 -1.30014176
 -1.20140341
 -3.35853062
 -2.20579516
  0.77866313
  0.71373535
  0.72953811
  0.78743377
  0.70420221
  0.58243735
  0.88969121
  0.55122232
  0.46157445
  0.28263713
  0.16389539
  0.28637556
 -0.35010782
  1.20011710
  0.50212033
  0.84034756
 -0.56337856
 -1.85193325
 -0.80114468
 -1.27741631
 -1.10892606
 -0.58945727
 -0.36851013
 -0.52175810
  1.70114366
 -0.18964701
 -0.45960624
 -0.37766337
  0.77901820
  1.21772097
 -2.37195123
 -0.47939846
 -1.18425096
 -0.69850252
 -0.51942924
 -0.13330620
  0.66382947
  1.85432168
 -0.34424560
 -1.29741161
 -0.24608227
  1.24299129
 -0.25030424
  0.66594549
  0.79647101
 -0.09261436
 -2.04937309
  0.40497153
  0.88546236
 -0.37352139
 -0.38871859
 -0.00211058
  0.58194541
 -0.18272421
 -1.11832797
 -0.83398825
  0.63166755
 -1.17262608
 -0.60920857
 -0.54319246
 -0.28848380
 -1.98133304
 -0.27508626
  0.94471316
  0.03828989
 -0.74987967
  1.66707512
  0.81359905
 -0.84509646
 -0.32767652
  1.52425205
 -0.79494704
  1.88797652
 -0.46030665
 -0.66011944
 -0.65058411
  1.98348456
 -0.60149860
  0.17325560
 -0.08176743
 -1.48107569
 -0.25614748
  2.88327353
 -1.04360291
 -1.32719140
  1.26466171
 -0.28039864
  1.48652395
  1.03526250
 -2.37986083
  1.13134763
  0.98167112
 -1.52001353
 -0.54217168
  0.00463346
 -0.02561245
  0.27232871
  0.62768930
  0.27994173
 -0.15799862
  0.12309427
 -1.27753487
 -0.48463900
  0.01091191
 -0.55875146
  0.12590073
  0.31091336
  1.66734652
  1.26057363
  1.40887741
 -1.23720420
  0.53133845
 -1.26977069
  1.27059346
 -0.26755850
  0.34840749
  0.49144160
 -0.33438792
  0.03999424
 -1.52591973
  2.06686773
  0.05947156
 -0.03740770
  0.87979743
  0.09015979
  0.10595990
 -0.31753258
  1.01958267
 -0.68850040
 -0.52390501
 -0.01524346
 -0.59653872
 -0.98428257
  1.68474768
  0.33601973
  1.67401416
 -0.93418241
 -1.57623537
  1.09328718
 -0.24686063
  0.43382183
 -1.31216898
 -0.34845823
  0.93547215
  0.11745526
  1.90015217
 -0.17989563
  0.69716180
  0.51211599
 -0.54400843
 -1.25014687
  0.56007153
 -0.27105115
  1.17667152
  0.41246750
 -0.12944757
  0.72095187
 -0.94715009
 -1.93399761
  0.50271941
  0.10090267
 -0.21843746
  0.53486339
 -1.57264894
  1.32004623
  1.11263694
 -1.23883089
  2.28364674
  0.98546442
 -0.56561730
  0.03849045
  0.71843856
 -0.97951555
 -1.82907411
  0.02754162
  1.47174612
 -0.70893371
 -0.64525476
 -0.21175357
  0.15035142
 -0.54368050
 -0.02543442
 -1.29396260
 -0.85680481
 -2.02615921
 -0.11809011
  0.71524122
  0.03676912
  0.10919332
  0.43133366
 -0.18829338
  0.84061013
 -0.37365240
 -2.50479081
 -0.27605107
 -0.27066961
  0.92100325
  0.42881157
  1.65469508
  1.03351659
  0.39927636
  0.89934200
