210.74328155,
42.92800701,
-132.31002806,
130.69492037,
197.11021021,
39.40250538,
18.25979286,
-106.99008741,
48.89824961,
37.31079588,
-7.03235521,
149.14940893,
51.28669542,
42.15014189,
15.82976072,
-28.06622575,
-90.11091788,
28.80532325,
166.66472110,
-8.36843449,
102.52988603,
64.53995632,
66.33203708,
-150.50807759,
179.58295399,
60.43565528,
167.09513290,
131.97710971,
115.07417086,
-257.71459352,
-60.52078380,
-58.61076017,
87.90464402,
15.42222546,
-28.66701638,
40.70684708,
86.09132636,
-20.25671449,
31.85542757,
-16.32455001,
54.37131589,
19.40982859,
-3.40128006,
-11.43544153,
24.26589305,
23.28823473,
33.62263102,
-3.96981281,
-80.72236665,
25.14722305,
30.96467058,
32.35361726,
62.87356020,
36.89527287,
31.87227870,
-30.95856111,
96.04027611,
-11.46576632,
13.07324923,
57.05999448,
39.61709394,
-163.49339162,
-26.49067664,
-74.46714188,
432.27450205,
127.93335201,
-301.71204620,
288.14110420,
399.83113126,
22.63482817,
47.87428098,
-210.14748082,
85.66066438,
111.82610864,
-9.97740993,
231.69368052,
56.51448021,
76.08193787,
36.22625386,
-86.80868772,
-208.19248547,
55.43155601,
313.59142875,
39.47186808,
185.72146916,
112.10881748,
160.94268632,
-342.04521634,
345.83202958,
117.11773266,
320.97739983,
261.89162068,
250.21512538,
-534.76532652,
-98.61466769,
-178.78521141,
184.01790631,
39.49731382,
-67.23379860,
92.26103201,
167.89306092,
-49.26474936,
83.31693829,
-29.49518871,
122.63976583,
47.93787871,
-5.10726271,
-0.82024753,
41.71745859,
32.59120928,
39.58470645,
-24.64806053,
-163.46005065,
43.62754342,
67.42004258,
65.16999024,
111.79037237,
83.25382007,
63.05980618,
-80.32799590,
195.40527520,
-15.26820799,
39.82138292,
110.31905508,
86.47898395,
-326.42864058,
-48.01946254,
-158.55146803,
386.44651443,
103.00801160,
-199.93280307,
226.12849857,
382.88686190,
31.51604947,
84.30722428,
-173.50424069,
108.06264232,
70.00737222,
20.93833755,
149.16340853,
103.37869216,
128.24932622,
41.45888105,
-17.18682945,
-211.47053952,
54.01983295,
248.57427112,
44.07075906,
242.55676847,
127.15425081,
113.39280033,
-210.81729857,
321.89799027,
63.43778287,
228.87163371,
200.41655575,
232.42498872,
-546.32988243,
-90.27545399,
-187.46786420,
145.74723105,
38.41726050,
-49.15473633,
69.96276419,
141.54777758,
-40.72588773,
58.84671260,
-19.41223917,
90.91595444,
30.83238424,
-0.43028347,
-9.70729187,
31.60236818,
33.78780056,
31.60407761,
-19.96635582,
-128.61192581,
33.76382382,
53.23850959,
66.84829772,
102.51753668,
55.86472534,
50.14324543,
-58.21036630,
139.90782678,
-21.61363304,
21.51807718,
77.49941915,
64.58073746,
-248.90275803,
-40.31081896,
-133.45034234,
367.98863779,
100.58317114,
-184.10021198,
227.56222057,
418.81144226,
28.57318484,
68.57994124,
-178.25433391,
98.10319653,
50.63537694,
21.36371254,
142.44615586,
123.60357665,
137.40186707,
42.09978371,
0.31221032,
-238.31443773,
81.13234308,
231.07893180,
21.77705191,
263.75053153,
102.84234186,
113.54833922,
-190.89461909,
316.75334213,
47.34686302,
249.61585557,
175.72542099,
224.90918501,
-559.01213921,
-104.90354728,
-187.62508643,
149.56910686,
27.71677448,
-50.50916692,
82.09100796,
142.61543301,
-27.91896931,
49.54510222,
-32.88686417,
92.82214917,
29.23207612,
10.21774856,
5.45912185,
36.63235013,
41.64852985,
28.50909438,
-20.04094482,
-114.24470663,
28.39116791,
64.53046960,
50.05813146,
100.43582862,
50.66870003,
50.85943510,
-56.34148384,
141.48869448,
-14.39664895,
52.25116468,
76.22361761,
72.00106134,
-249.94362285,
-37.32601523,
-124.34849575,
359.70884971,
95.04376737,
-192.64871694,
250.83325627,
427.38915559,
19.33779173,
84.30533703,
-159.94261207,
110.49659581,
44.87931725,
15.51615073,
130.00854919,
135.98403673,
141.24665560,
28.13302603,
-16.49655061,
-260.64264339,
96.45243331,
226.93172139,
10.52684293,
259.00392850,
109.13034789,
111.17363813,
-195.52237631,
332.73472192,
50.99359558,
255.02759158,
178.83534012,
214.51482017,
-572.18961391,
-112.69655705,
-181.63671782,
153.12572720,
34.22780212,
-54.00398625,
67.04195327,
153.23227574,
-33.50579273,
59.74475532,
-27.98687291,
79.13255305,
29.05637981,
-4.37972967,
-22.55121542,
38.91008274,
48.17039688,
40.29104755,
-5.43330750,
-132.86579781,
45.91593902,
56.79879026,
73.44234537,
113.34282701,
52.57995155,
47.07636034,
-52.20910107,
147.58510961,
-20.77311313,
25.38002699,
91.02638184,
70.75477728,
-261.61896268,
-44.32273704,
-136.62641884,
443.49971837,
603.67805424,
-762.64350247,
980.75514454,
651.82405893,
296.32883135,
636.87153064,
-189.67068932,
6.24117182,
463.90312220,
-123.28011344,
709.40897308,
428.01563170,
253.37836841,
-678.64053997,
-112.36036773,
-904.02504912,
517.60442541,
662.40487642,
-676.28146214,
-23.43082973,
389.37719126,
36.27822903,
-963.16211425,
697.45106787,
539.07732117,
1037.98792762,
287.92547841,
858.85767869,
-1190.07628406,
54.62477385,
-468.57912107,
153.06506730,
42.17421108,
-45.67940294,
64.55145942,
151.11479171,
-39.39522384,
51.25414851,
-28.20039543,
82.59805362,
35.41266264,
-2.65685063,
-10.92828143,
30.33631143,
46.17281904,
44.51925309,
-15.64145332,
-116.47344720,
22.14332412,
58.48663210,
65.97764674,
90.05760043,
62.65330771,
49.44372100,
-60.57675289,
143.92516598,
-12.32511654,
22.34767272,
84.18823476,
71.89310115,
-248.30650043,
-31.69260618,
-120.30774713,
701.77314963,
914.78219900,
-1208.30841131,
1412.31923581,
1111.31350939,
566.93578361,
419.65250437,
-719.69125711,
-276.44957831,
513.89601980,
284.63026824,
1342.25866874,
316.45987354,
225.24560655,
-519.88333998,
-124.27291811,
-766.46279138,
421.22531578,
1051.46298779,
-753.60551198,
498.30037905,
292.79655723,
719.08346131,
-1377.25333758,
619.82190665,
776.20506488,
1408.50817151,
191.17948510,
1004.63601969,
-1502.32614182,
-162.02184847,
-450.20485070,
318.39887721,
101.86320712,
121.49155943,
126.60471097,
421.83619920,
-136.18473062,
322.46576388,
-14.07923593,
315.75199026,
7.09224889,
189.02404216,
-387.61161803,
205.85779310,
319.97253499,
130.45109303,
179.87480300,
-420.60074094,
107.23593889,
-63.17669431,
211.31276571,
508.36823498,
197.23316256,
86.61467121,
198.64579444,
333.28649558,
-199.13159809,
-156.15059682,
-6.58132855,
227.08624766,
-920.01978539,
-34.45586996,
-508.21381579,
856.39208111,
792.95653687,
-1407.31300257,
1576.62709858,
1332.52271359,
442.41729261,
159.58732946,
-1070.45778902,
-56.54985710,
399.31661754,
518.97493873,
1178.85461158,
377.94018058,
253.72759658,
-360.84437091,
-100.65829547,
-735.46481143,
604.99390792,
1248.58959825,
-740.76837931,
764.34000247,
75.33263675,
915.07784594,
-1404.05669668,
494.38151320,
485.36904533,
1918.95622922,
254.69475064,
1051.54304949,
-1818.51569339,
-301.06510981,
-334.22720885,
962.60660432,
-153.96662076,
294.28164677,
-59.18528806,
722.56463937,
-184.51138496,
511.23305845,
-62.76848294,
371.47272754,
-47.15758261,
-129.39793286,
-190.83318176,
20.79401047,
374.16605860,
281.20668195,
242.54899749,
-588.42793454,
-16.24908229,
-91.85827572,
713.08212517,
823.92349339,
365.61383206,
45.62987964,
362.20355605,
908.00474068,
46.32600153,
-386.31447817,
308.57475394,
312.61532840,
-1426.67560067,
-249.10007468,
-917.26860620,
961.13460411,
884.64938392,
-1470.72653339,
1478.99378914,
1481.65629543,
419.25138190,
-30.11084802,
-1130.53517005,
-83.56377425,
440.94465505,
457.55689082,
979.81554965,
485.94821842,
363.94206236,
-155.59623967,
-71.99291335,
-722.73978928,
582.82052952,
1342.54733558,
-685.61764098,
730.29569716,
63.78089066,
799.55902611,
-1489.68550157,
536.64378623,
323.23404956,
1927.92685269,
428.07259604,
1131.86257541,
-1777.59210161,
-245.81810277,
-292.60251287,
1297.24101412,
-31.72159934,
115.31060374,
-141.23413363,
1064.76826528,
-436.00868406,
149.50611904,
-143.19624732,
459.61371943,
23.32939122,
-285.26565330,
-575.40934612,
111.36828867,
510.90155838,
620.31695844,
52.26677509,
-569.18369388,
-156.44067433,
114.79529530,
964.93256460,
645.37803795,
353.10024208,
-153.68297269,
89.72121978,
1077.28847879,
-209.50460217,
-320.66138382,
691.18032749,
415.86773571,
-1353.59109243,
-166.48080669,
-801.87379293,
1043.61254530,
942.69398422,
-1508.50901942,
1403.10288813,
1593.95871800,
407.29745706,
-160.14213683,
-1180.23889985,
-100.29146416,
469.99058373,
408.80190343,
837.30442936,
558.00639107,
442.48818585,
-3.89890176,
-37.21289582,
-723.86606301,
574.74683907,
1404.36499435,
-636.72472694,
724.80023203,
59.20157873,
720.05816900,
-1542.41173247,
570.37714748,
204.02286224,
1931.11856901,
551.51156658,
1193.95601777,
-1768.84750307,
-211.20549436,
-281.28675768,
1265.93874120,
-270.42476555,
-1.92315284,
93.99953428,
1079.65751289,
-659.65409571,
19.86411045,
-277.46652362,
915.18661053,
-30.92279952,
-61.37643478,
-733.09472461,
154.78725942,
252.91514152,
778.47029692,
-114.85370199,
-718.40123093,
38.21306624,
80.89453550,
829.00354249,
707.99399310,
274.79449723,
212.15488097,
-17.26000224,
1098.32727519,
-449.56451906,
-2.50968800,
761.37905494,
245.34367094,
-1771.82119654,
-325.36325215,
-686.88711865,
1041.77939756,
943.24118389,
-1505.69601869,
1409.23501241,
1590.82656508,
410.33029090,
-153.60370491,
-1174.91034232,
-91.66641512,
466.01599365,
420.76760231,
834.67927492,
567.21537497,
450.34716784,
-4.94170866,
-36.47766188,
-718.52881427,
572.48572009,
1409.91506736,
-642.56326858,
728.41007163,
66.02284536,
716.77745962,
-1537.00292654,
574.51959598,
201.30155601,
1931.03193110,
547.53894247,
1193.41689762,
-1774.37570935,
-207.85098462,
-274.41203877,
1250.49161354,
-86.03341746,
-307.34107350,
221.05791462,
923.14994665,
-656.76397151,
260.48691525,
-174.94808199,
1006.02123560,
116.63083091,
2.28761910,
-506.08940899,
74.84709783,
-24.23451406,
818.73101218,
-276.96692325,
-814.86889600,
28.80435376,
153.58083089,
976.72085496,
890.53682795,
483.40341053,
520.14835891,
-257.94637078,
1204.11189997,
-434.75345734,
-339.53467949,
948.62636826,
132.14763431,
-1870.42812153,
-432.90314865,
-823.56135225,
803.23712642,
1035.79706498,
-1474.29989116,
1204.03438731,
1071.86945695,
51.79292493,
300.81325106,
-1005.72399845,
175.74822614,
683.33010077,
350.54978939,
728.55434244,
472.67443815,
-26.10952308,
-56.47665263,
22.66811847,
-861.56961488,
534.96503284,
1037.08536302,
-845.88294133,
413.39988338,
391.09911705,
501.65577463,
-1480.69419817,
692.76092217,
102.37935680,
1585.47356297,
510.36495275,
1254.81831442,
-1770.95631774,
-35.71493664,
-156.09704242,
728.79619776,
445.24787341,
-529.07865748,
485.29060798,
994.99939436,
-783.77311847,
86.42700631,
-102.39671367,
977.82238525,
243.34503678,
262.10439205,
-603.77445233,
267.91994335,
-138.17101313,
622.58511151,
-403.64188384,
-961.62869048,
224.80254624,
221.04774899,
472.72760026,
621.48015773,
289.45000261,
604.17134681,
-594.30880386,
739.38259256,
-766.61355634,
-47.06682593,
513.30470707,
153.40438193,
-1587.81201227,
-316.42845876,
-614.77276988,
493.81461278,
625.27833653,
-1068.69245264,
945.13473609,
554.05909009,
-119.05707542,
619.47863039,
-347.52273763,
706.88709574,
587.05789068,
-40.15111225,
795.43336439,
374.33588205,
-338.06241571,
-310.52036607,
-334.36987895,
-1097.08019327,
659.10900404,
939.08976631,
-471.78036966,
174.64731146,
574.29251244,
666.52232281,
-1226.72033469,
645.69127958,
-88.25122592,
1010.10522708,
698.28880717,
629.23257893,
-1586.64277538,
-140.43009751,
-296.41600537,
367.47081741,
744.72360601,
-558.18303209,
457.96833354,
915.82913163,
-578.28794127,
-21.95818007,
-231.05871008,
967.97066282,
393.87708231,
499.47877724,
-460.33902220,
445.16795026,
-294.95923650,
694.85067994,
-43.94169797,
-1034.37031889,
547.29405521,
256.87653781,
-47.82574784,
725.59327374,
169.84276087,
777.43368029,
-634.38749084,
452.01040411,
-1101.31817709,
185.30415093,
219.49807920,
272.00062418,
-1696.92368026,
-339.72904276,
-688.90327721,
349.79429405,
495.31702305,
-845.32743518,
827.91363460,
309.03502025,
31.32679262,
617.80659075,
-149.46856007,
719.35227601,
501.05768891,
-17.39609513,
1073.22108826,
307.03184618,
-423.15542399,
-458.99062881,
-419.02120184,
-962.28303391,
518.39256865,
813.10000112,
-395.36715468,
273.90601208,
489.27006268,
718.07478287,
-996.30791284,
544.95092275,
-67.84904021,
819.85133320,
533.84046393,
414.98407735,
-1262.09870474,
-172.16008929,
-519.57958083,
331.67623695,
447.17547682,
-385.31801649,
596.30542249,
620.90086718,
-172.62292438,
367.07969637,
-113.88059297,
1262.25853483,
273.98367627,
607.67351348,
176.42898296,
665.45984025,
-215.89710921,
309.51002017,
-36.66129350,
-895.98389738,
481.69225998,
406.63774592,
-349.89781138,
888.29812345,
478.12925718,
771.46399818,
-380.76818379,
678.83619944,
-829.94987614,
336.96579871,
207.01333459,
218.83345482,
-1834.83304803,
-369.06561847,
-620.47394870,
372.23877844,
340.01160175,
-636.51191746,
923.63130622,
631.43288659,
454.60831174,
129.02057967,
-153.43460390,
360.16669308,
363.69445441,
-133.77817715,
1461.09625390,
335.06160597,
-19.84231668,
-288.43148211,
-564.50718576,
-734.54432996,
328.95304784,
942.05022258,
-301.69399583,
392.49576611,
220.11406699,
1077.36416219,
-942.67182083,
556.91099760,
214.33198976,
951.84387038,
546.33530170,
169.31385335,
-998.57694992,
-212.98509996,
-640.94422105,
530.87480486,
86.24505812,
-260.08208255,
410.24416018,
455.97885191,
139.66849696,
480.41613598,
-207.07637690,
1239.28867740,
226.98364523,
351.32127545,
762.12407438,
584.74689416,
-346.72784014,
258.91603581,
123.27476930,
-873.67634264,
522.27067599,
448.55178500,
-340.69233247,
1071.21154623,
549.78032434,
792.54090981,
-222.85211015,
929.59406078,
-570.48894945,
413.18917233,
438.45254331,
207.90504110,
-1960.59505538,
-534.80718865,
-781.38610248,
492.78587342,
189.93369569,
-579.40050215,
1044.16497687,
873.13431184,
600.83336425,
-146.21384955,
-310.47163192,
384.81061974,
192.07064033,
96.76668083,
1473.12964481,
379.52380412,
24.67855706,
-324.28975045,
-625.98871894,
-716.45014200,
347.99929547,
1059.52764503,
-337.04372080,
549.94329832,
34.37721376,
1226.78598294,
-1020.54282001,
403.60785509,
204.32566046,
1205.71163621,
417.95150941,
116.38272768,
-1097.05331479,
-361.03588705,
-650.14200585,
606.75260195,
-78.04560210,
-284.13488951,
364.41117298,
376.07871164,
260.27331279,
463.66458261,
-236.68680691,
1167.18692508,
206.78798706,
129.04630316,
1144.92351527,
539.60481616,
-449.04533995,
113.55935921,
45.67456960,
-863.36512298,
508.34417383,
527.06392010,
-372.53543076,
1010.84648760,
526.34988113,
734.92454982,
-263.99004554,
1020.74037556,
-391.39830183,
585.12144494,
588.49477411,
194.04425409,
-1799.15376349,
-574.21761270,
-768.68743366,
560.99513850,
216.24884835,
-698.80287231,
1061.51280055,
880.06840776,
577.50843274,
-88.79252706,
-321.35495605,
424.14211466,
146.95595843,
141.14521485,
1408.73786641,
386.43185533,
80.01795603,
-420.90126109,
-593.65850166,
-701.35082823,
453.72168166,
1172.73274579,
-191.98315603,
709.14396044,
-24.07721385,
1146.37085014,
-973.34949631,
331.04089927,
93.70440681,
1257.18304893,
443.59309114,
157.17548591,
-1120.03086655,
-430.48375103,
-734.91285724,
620.27004275,
-52.16512380,
-349.81853412,
370.47874804,
233.18250527,
204.25082024,
485.20395405,
-213.57684731,
1152.25278119,
281.96957817,
117.16626780,
1174.54076424,
383.28538146,
-535.66364001,
105.46035331,
-38.25559302,
-746.94455244,
413.49044199,
530.33825215,
-278.19084086,
884.33404433,
538.23701830,
768.55964818,
-344.30141175,
984.42187760,
-318.97635340,
526.99342979,
620.11535171,
185.36918604,
-1680.38558010,
-520.64890439,
-781.61915890,
561.54307491,
428.04056219,
-952.04547506,
960.96863274,
676.63751113,
430.67372304,
284.86656429,
-261.04301446,
395.29902501,
239.96107315,
-5.63976835,
1346.15259271,
351.04527389,
149.52542187,
-526.97634209,
-413.97178702,
-665.85667639,
595.06431559,
1273.09075818,
61.64522800,
855.40642118,
74.64950817,
881.36709794,
-801.01674718,
330.31931359,
-56.36028965,
1126.04019641,
594.09788777,
321.49451874,
-1069.87644840,
-387.76198047,
-816.01760327,
531.96077071,
42.64936548,
-399.91167043,
306.89477803,
29.90039926,
183.53425401,
403.75887851,
-226.37661574,
1118.42609731,
377.03466692,
267.51357441,
1027.55728617,
218.64578963,
-627.48585491,
299.05836711,
16.43161018,
-475.59931522,
339.12272907,
525.05242974,
-202.94786918,
782.18900711,
531.83638718,
886.18506833,
-391.29038265,
807.32230080,
-376.40200540,
347.90780420,
582.40603302,
139.89274159,
-1546.97383870,
-481.61108078,
-708.31413368,
685.50677459,
743.59035744,
-1147.53083862,
806.03050440,
542.32885470,
227.22461557,
657.21176880,
-399.66424771,
333.60016697,
382.99010029,
75.58872341,
1202.89381961,
242.70217476,
-65.34464880,
-701.48545336,
-200.57760481,
-710.53433029,
531.65230313,
1272.44757532,
41.51498287,
778.04860041,
329.30606820,
491.77146562,
-924.92576262,
238.03722256,
-77.33082197,
948.19672852,
519.37514812,
707.59079001,
-1085.76629698,
-262.85535251,
-658.28672219,
208.41909382,
368.03640033,
-696.37353853,
539.23654610,
52.38141892,
-75.20928199,
172.52518447,
-162.28616896,
980.41460320,
475.62095830,
250.29709562,
767.13416046,
294.65690443,
-640.86158869,
46.66150223,
-373.25364424,
-586.38876822,
343.04393274,
567.84648148,
-384.47406596,
318.84203740,
295.09273902,
778.12755053,
-781.57013522,
421.91655528,
-539.58413043,
662.28067426,
469.68500017,
179.57833828,
-991.29440382,
-192.94229246,
-492.72312403,
843.77362268,
1106.10815343,
-1329.98083647,
767.02912457,
631.21234750,
204.55600387,
927.74080355,
-625.33690616,
-10.22255710,
526.17325324,
112.03459544,
1214.58637553,
142.73856491,
-58.85674971,
-821.59550122,
47.99286057,
-715.01932387,
419.16703144,
1315.28118475,
-55.04313965,
718.56512077,
542.91127050,
206.14333427,
-1097.36476614,
222.14136340,
164.56705385,
867.72035278,
409.07252712,
1145.53436542,
-1128.18331138,
-119.51046217,
-485.32130793,
312.94678834,
512.37686318,
-871.95141158,
571.79946774,
263.64189182,
-146.29077862,
156.40813842,
-199.28552671,
898.02564089,
567.64797789,
-13.33986223,
602.01637446,
428.60053208,
-482.11244306,
-13.32546692,
-452.51308518,
-838.01003078,
464.07469656,
796.54304117,
-345.69702762,
116.68033436,
355.69706264,
618.99353283,
-1053.42266257,
443.13212292,
-589.91255033,
821.13199101,
758.87833040,
359.90800726,
-1010.86126330,
-51.61060426,
-414.03128760,
836.78140310,
1088.16142543,
-1266.37570318,
1163.69065051,
1107.29439638,
501.22646101,
524.65215424,
-869.13541021,
-487.31404822,
477.13925002,
206.49243253,
1223.98628047,
290.69280665,
475.20396835,
-687.39161889,
203.87227424,
-563.84201151,
439.57682264,
1199.13871206,
-557.58865368,
625.57012977,
202.51716710,
214.47627572,
-1099.53961742,
410.51080398,
623.90093888,
1528.25187775,
121.91122327,
1347.34886989,
-1271.84593179,
-47.38074631,
-438.46618943,
690.69831532,
729.03004109,
-1029.47065483,
738.66596792,
593.93780385,
-632.71203855,
447.21868511,
-92.63920615,
882.25995099,
694.25252503,
-245.07946974,
242.98940722,
141.94634132,
-369.16387450,
-117.15268293,
-750.48595464,
-1142.61452245,
375.94056513,
859.61142118,
222.42495655,
-86.76296881,
515.02791343,
603.13538557,
-1335.00795025,
611.84620351,
-405.89738385,
573.94639256,
926.24310998,
518.87897714,
-1302.93099189,
36.81805719,
-592.60240414,
865.42389801,
858.78072063,
-972.02713132,
1233.19755849,
1429.56053431,
695.26716863,
121.14085900,
-985.33771889,
-658.02427197,
306.38484395,
214.00808695,
1190.17825860,
387.62768368,
786.33641537,
-632.68529296,
210.36065942,
-486.26044774,
393.04861919,
1181.60052123,
-747.31173910,
520.05600461,
-31.07261848,
245.02429839,
-1033.33756910,
374.04925850,
795.48328982,
1877.85058360,
-36.14396312,
1312.98003231,
-1250.24665804,
-28.91570272,
-335.31302327,
1355.15869535,
437.23627840,
-705.85571738,
583.31327790,
1091.18294037,
-529.75719589,
831.95220490,
-149.20303897,
1096.11340280,
545.74206317,
-455.93596851,
310.65792970,
279.73471281,
-61.85945256,
64.17429804,
-411.81963837,
-1522.46038440,
458.37126419,
868.53299893,
576.76124862,
534.93932796,
861.13891554,
527.51682203,
-958.13120825,
1345.28699837,
-264.30210035,
319.21654919,
1217.74511798,
677.28503212,
-2309.57992046,
-255.07365159,
-1031.19418897,
903.33809069,
456.52668459,
-892.73512302,
1205.97652663,
1307.44922519,
661.26584379,
176.37087243,
-980.37200306,
-745.24187539,
102.75210995,
128.52108313,
873.10737809,
318.47493423,
922.10682732,
-654.21490690,
132.20351730,
-441.71457263,
318.06445530,
989.35832273,
-475.43799448,
557.36686740,
-56.86667864,
163.56381139,
-822.00780245,
371.41721696,
985.02200914,
1720.13822861,
129.51062379,
1162.38120479,
-1161.96274309,
13.62831442,
-227.00700845,
1362.59582268,
436.54022433,
-695.85405313,
578.66012073,
1076.62609216,
-518.17417730,
848.99476321,
-146.00957374,
1119.37483036,
552.54286105,
-435.00357418,
316.70660389,
286.68254034,
-49.55991572,
77.08251675,
-398.71463911,
-1496.13802744,
435.38265747,
876.04120429,
569.23275963,
541.85273728,
894.13983365,
527.30737171,
-944.43686434,
1367.04156885,
-260.64940177,
300.24130690,
1225.91506588,
683.49339984,
-2329.66160511,
-246.07441600,
-1021.37265672,
892.56572575,
453.51798148,
-780.49135002,
1061.03124886,
1443.32772564,
495.71055542,
-10.77799732,
-976.62221110,
-834.56104148,
-17.29774985,
318.57588356,
406.52105035,
145.41585536,
900.46458169,
-200.08626681,
296.12361139,
-216.26416894,
265.97787218,
777.67249124,
-269.24005198,
630.43499565,
-112.61923511,
232.70363349,
-685.93369376,
320.43714605,
916.94351341,
1256.31565882,
-40.15791926,
945.19280799,
-1194.87264413,
-195.57184204,
0.92111995,
1321.85586820,
399.43441384,
-645.27107878,
524.64356909,
1001.26337185,
-484.11769533,
720.71510457,
-154.18762274,
1161.35134981,
531.57297835,
-342.12066564,
362.24652113,
311.26957547,
-92.54117639,
140.07545002,
-410.17553126,
-1381.67189997,
345.80400810,
796.67096050,
535.87055695,
621.11555578,
797.88115007,
531.59979263,
-845.79112113,
1338.77489340,
-364.83815905,
329.16759976,
1158.37377418,
641.39799762,
-2193.77551616,
-236.80937349,
-1097.71541132,
810.53129824,
306.55208479,
-506.88885421,
740.01642756,
1266.29496828,
547.73428310,
-452.48025098,
-999.58644169,
-706.75015540,
-131.65941824,
511.01654921,
533.42779013,
108.74342087,
724.86892702,
51.94353420,
250.78261416,
134.33485517,
-55.44696216,
620.55010124,
-178.60262061,
830.54248852,
-356.12766601,
350.63266629,
-402.94563438,
106.53968663,
572.76438703,
1136.89918550,
-201.93772197,
697.32416279,
-730.29974444,
-215.14512646,
-110.21187450,
1267.95117111,
352.66171149,
-582.45240013,
467.37184074,
918.18377135,
-424.53614264,
530.21084985,
-176.94074218,
1211.49817576,
494.13650160,
-205.57905300,
426.22079026,
351.02777668,
-136.05357577,
218.84416130,
-422.50734790,
-1224.55084054,
227.03680572,
693.18959690,
477.29598469,
735.07560866,
652.59643258,
541.18721724,
-726.45334836,
1297.57624342,
-491.86141885,
387.83125536,
1057.73627145,
582.41060466,
-2012.71006764,
-231.88907508,
-1204.16339219,
619.81662775,
295.39260213,
-412.83050617,
255.94624269,
666.04331180,
83.11878892,
-4.95611364,
-664.99939671,
-233.94619057,
9.59019150,
183.05348438,
349.61157746,
15.81654533,
299.72539008,
38.25163589,
224.56170607,
0.25292345,
-35.64387994,
483.47940171,
102.91772163,
599.84286454,
-10.30552069,
128.79707815,
-183.26183387,
99.21133513,
121.10046865,
566.33244685,
75.28987417,
553.57388096,
-550.27787624,
-81.98175235,
-37.19503138,
1145.37049381,
400.04933854,
-600.07642115,
270.75498496,
789.18366345,
-566.54889945,
148.46476397,
-197.97179691,
1012.83008062,
492.63700592,
-75.03857852,
250.07988029,
-4.16737047,
-429.37097123,
628.61142277,
-395.24962559,
-791.05193981,
75.73840964,
508.28362230,
606.62534059,
576.52469432,
434.22711650,
653.60709379,
-760.97431825,
1076.08755519,
-532.47793282,
69.81929911,
881.80719165,
324.20557176,
-1595.72266071,
-386.94634692,
-955.62573747,
364.87342762,
91.17522239,
-189.52311189,
245.95410191,
422.10659558,
22.23674490,
76.38830469,
-163.14972698,
110.64385881,
46.91513169,
13.34623897,
139.06266341,
129.56314751,
136.92814795,
21.69318270,
-27.91025384,
-260.38928803,
88.45302304,
234.81234261,
22.81909413,
254.85220179,
104.57677938,
118.30910306,
-202.20206797,
321.26811758,
51.03237978,
255.63350866,
182.78224130,
215.28299207,
-562.68418171,
-105.39054196,
-189.37010897,
669.84828575,
64.51295036,
-593.26719285,
268.08534719,
526.15976938,
-645.04149323,
-316.93244915,
-182.07133238,
620.51009255,
209.89494230,
-111.15048666,
-185.39530531,
-114.00755609,
-417.80082589,
568.39629025,
-617.95143280,
-374.51104704,
-7.63283176,
288.48440782,
460.46813026,
0.11072348,
66.04802941,
437.23468586,
-749.37331597,
565.11290898,
-352.15026937,
190.44170260,
742.49490874,
-50.01861695,
-643.46184061,
-270.60901262,
-112.15304257,
368.80768073,
108.73972508,
-198.52202534,
237.39272626,
418.94401010,
25.48125492,
83.91667007,
-173.72957707,
101.82459246,
54.03435649,
17.56161564,
152.11281024,
131.50215389,
129.72160653,
25.53169344,
-8.19675167,
-253.25524821,
86.03159355,
232.22678861,
9.55850215,
262.41578127,
105.75335318,
99.89591964,
-200.81351415,
328.52213234,
50.71298491,
257.59391666,
176.85870889,
232.45749126,
-559.32171285,
-106.50272561,
-190.22475867,
154.74969025,
34.71244327,
-52.42413204,
68.64299392,
144.24863912,
-31.96643076,
50.63239337,
-32.05867061,
79.61834205,
31.07987416,
-4.54244842,
8.48630429,
25.42813258,
31.31194187,
29.42427754,
-21.35759606,
-125.38153385,
27.87604041,
60.26765483,
70.67133789,
103.70914242,
50.00983231,
54.73846933,
-61.94853361,
136.42997745,
-12.35146164,
32.79539126,
82.65120405,
70.63721393,
-243.35174298,
-40.33576484,
-140.69315801,
367.57026459,
97.30566122,
-187.67804501,
235.01608111,
414.97452501,
23.45237604,
78.00328803,
-172.51087424,
112.10105998,
54.50831556,
16.04471237,
155.69851368,
129.44594321,
127.97992744,
35.61825511,
-11.36597423,
-250.49994901,
81.92669832,
232.68144957,
11.04819308,
260.89855907,
112.39124364,
115.64347323,
-197.38314103,
331.74644384,
48.79629890,
256.45180475,
183.88349280,
223.88704894,
-566.53901297,
-104.83060688,
-182.42003210,
147.31814522,
29.33520874,
-48.56417167,
64.82419673,
138.32858679,
-35.11100628,
50.82676696,
-36.15034217,
99.08951583,
28.53952704,
12.92159662,
-8.44760279,
36.22716954,
31.08802337,
39.52361797,
-6.43521743,
-115.17784340,
34.89484946,
58.94542290,
54.98592011,
107.07781631,
53.83351819,
48.29601282,
-49.87159250,
132.05290707,
-30.71504813,
37.24506630,
75.49911082,
69.76661884,
-252.37922822,
-40.67247170,
-121.78854907,
386.85345983,
96.59287799,
-196.28856607,
225.40728542,
377.42132779,
33.25854168,
87.77441930,
-174.26045329,
114.60947704,
67.67896353,
23.65208987,
161.81300321,
94.29058271,
121.11845616,
54.28216679,
-8.36001766,
-199.06352798,
61.18947545,
250.99308522,
45.32984864,
254.05749440,
128.56904196,
127.53218813,
-200.50576073,
329.86379518,
59.76257656,
227.70957057,
201.68794317,
222.22113425,
-559.83905539,
-104.08636965,
-188.75250431,
148.04722004,
36.83261059,
-48.91395786,
75.97356279,
149.33763078,
-32.33236042,
52.91208868,
-35.99367692,
86.13632519,
35.87757444,
6.32684835,
-6.15076745,
29.61172211,
32.83586574,
48.79995651,
-8.25904928,
-125.36289208,
33.33247558,
49.13010185,
52.03088862,
101.23505949,
59.01472049,
64.38286935,
-62.20459625,
148.90785526,
-10.76113903,
30.35107147,
80.51862106,
70.77541354,
-269.09669925,
-41.39375325,
-127.53700413,
425.41587700,
124.26480201,
-287.84391514,
272.86754296,
401.52876719,
13.71550350,
43.62873216,
-209.04300516,
82.36816037,
109.70844380,
-17.87781470,
230.54545053,
48.60707246,
66.64372914,
38.06022717,
-74.64918273,
-213.49566361,
65.92139532,
302.74398091,
41.87693007,
187.42204843,
100.88010135,
159.50283444,
-325.74424107,
335.48770423,
106.50944200,
315.48523290,
249.72052589,
244.80166444,
-534.37022171,
-109.08824986,
-178.21465956,
181.83071527,
27.70973952,
-43.22651937,
73.31101208,
180.72343107,
-51.49621618,
47.86744975,
-41.37537075,
112.51653007,
38.53421612,
1.03367262,
-33.36043100,
38.92346183,
39.17225384,
67.33525678,
-19.33390479,
-157.72611844,
34.00646843,
48.95594506,
71.62359876,
112.20408953,
61.07246075,
70.42853702,
-70.03817706,
173.64786956,
-30.13180284,
33.16744005,
101.17180916,
78.73255241,
-313.93781687,
-43.23023578,
-154.57414480,
206.63936575,
45.40163632,
-136.12668924,
132.81897574,
200.53862875,
38.11137223,
16.54409745,
-100.91746644,
49.60148587,
39.69746981,
-5.46511742,
133.78407852,
57.40791488,
53.29811964,
26.37964713,
-21.59688974,
-85.87835791,
33.86126558,
165.60765377,
-7.10772588,
103.26832322,
64.61550967,
64.27072749,
-146.24412715,
185.54662081,
52.19708612,
166.37350699,
135.00107420,
115.71279605,
-264.01047618,
-61.20778495,
-57.56804810,
87.63706007,
16.03010430,
-26.09924603,
37.94664479,
78.14924886,
-22.94533639,
32.33824516,
-12.49973389,
48.63362829,
21.79865614,
-5.62491052,
-4.95712929,
14.79318787,
16.73886053,
26.05372901,
-11.19267916,
-75.34346341,
16.64687426,
23.83994232,
40.32165699,
57.73384613,
33.73786654,
29.88098354,
-33.06585920,
88.71577544,
-6.58888430,
10.73141518,
49.78269893,
36.94820942,
-146.09764034,
-23.17429775,
-79.80983805,
969.09644983,
305.72810244,
-729.61650395,
696.26685139,
977.31251429,
236.22052625,
53.58223727,
-599.48259998,
63.66825628,
201.56307561,
22.55892274,
740.65026215,
207.99509293,
254.51198346,
18.52891600,
-101.72110784,
-370.84908078,
140.46874469,
838.58202307,
-79.56477794,
491.42779519,
223.46282509,
334.61069713,
-775.55620907,
738.94707553,
354.00060111,
921.73734283,
538.24731593,
630.85257960,
-1155.51159418,
-258.76982473,
-252.88395487,
778.45060183,
203.15264288,
-461.92828659,
704.57541928,
933.07405057,
55.57469870,
187.39588889,
-174.23449799,
319.91561487,
187.13414554,
-34.49139443,
216.83027740,
274.57938638,
336.93364299,
39.92671552,
-213.48502051,
-716.07520650,
324.57895687,
527.34253903,
124.39046845,
463.96201311,
203.67225462,
406.44768033,
-585.99302953,
803.26762729,
146.39540494,
540.10291781,
497.94111194,
387.09130437,
-1382.54348536,
-258.39977945,
-683.87948384,
1400.39157338,
530.12050524,
-1031.49838645,
1036.26459915,
1473.41924857,
181.03477264,
150.20143311,
-843.35457524,
98.42434755,
327.21334160,
79.67727631,
813.18499248,
252.09028121,
407.50515965,
37.83520708,
-137.42259619,
-684.26366137,
237.25137514,
1085.57829507,
10.82800485,
767.43653943,
283.60957883,
525.58128154,
-1086.90238570,
1013.29131290,
424.61148048,
1235.20682725,
692.30087886,
965.12216630,
-1819.78583299,
-318.98841131,
-567.08001784,
1199.01689251,
422.72579233,
-754.33278724,
980.33995999,
1354.90348105,
35.74227549,
295.66147477,
-464.12407977,
357.01186518,
311.03837204,
55.53133099,
379.49558327,
323.63038588,
423.07204180,
58.23208194,
-196.23679555,
-941.48753189,
365.44842017,
780.81468738,
121.08733894,
715.01291349,
315.43293566,
533.16790472,
-880.64671940,
1074.33514258,
232.42777996,
857.09668391,
630.50437343,
745.15703110,
-1971.89658346,
-308.74102355,
-870.65856398,
1348.57569097,
503.11634196,
-870.21233433,
946.00000597,
1445.88519838,
125.10562277,
237.30261268,
-759.99759966,
180.03160784,
285.72626933,
130.17874453,
607.17031576,
293.28183775,
466.84875099,
67.45287196,
-55.67040327,
-737.16795256,
238.26148422,
947.55858832,
76.99429990,
851.03960768,
319.66320886,
485.69292586,
-892.42032341,
997.50014546,
313.78267730,
1039.58370455,
610.14865089,
932.15642309,
-1896.38003619,
-292.52493453,
-656.82303232,
1129.97885875,
423.16883314,
-711.19578874,
859.77262247,
1287.93691299,
57.88117063,
214.00244726,
-550.82380995,
191.51673945,
241.52122089,
85.44010020,
400.01728844,
245.78127211,
454.96083015,
64.67123740,
-104.05360479,
-737.12146530,
279.51457804,
765.14064897,
174.71935201,
757.96827874,
223.58482655,
495.49636421,
-738.95592857,
859.83271655,
221.05235903,
830.33823241,
520.77547858,
728.89006038,
-1711.09892809,
-272.95705724,
-728.57120358,
1330.90922753,
501.14380692,
-848.47069831,
950.36737739,
1497.84698409,
118.06054689,
225.29196201,
-765.25193628,
169.77419185,
262.60862222,
129.55966482,
585.48462288,
321.24189980,
484.36555657,
66.94351246,
-37.87558334,
-786.29253218,
272.06764230,
924.26584715,
55.48318712,
881.88943504,
289.51478207,
481.08207989,
-864.74736685,
992.69558437,
290.53364775,
1062.79739434,
577.06775950,
930.73117482,
-1924.77199933,
-307.92203520,
-663.30477298,
1159.32873874,
431.26041202,
-743.95999064,
861.67504194,
1278.36670961,
55.74946894,
220.90890708,
-588.11258588,
211.80152393,
228.90534380,
138.82489107,
386.20250383,
248.75647555,
446.00397128,
28.61346836,
-83.84466555,
-715.61618482,
290.16261191,
797.25199768,
180.04707704,
799.43009874,
206.20592103,
451.54548655,
-736.50180918,
822.59376473,
188.65071138,
876.16590142,
501.15917220,
769.56880231,
-1714.48508017,
-285.13389382,
-734.26488047,
1321.79391620,
500.36823334,
-858.98428820,
972.50082424,
1503.44383593,
108.28626377,
241.78316676,
-748.98794038,
185.74953641,
259.98288279,
128.97905455,
574.51546282,
334.36045558,
488.31973406,
54.40349748,
-52.43599769,
-805.10287236,
285.56808117,
920.17503156,
47.03145016,
879.27380966,
298.06998553,
480.55966309,
-870.68300762,
1008.52763343,
293.94157597,
1065.81074489,
580.43252207,
922.41050662,
-1941.65420164,
-312.40036284,
-657.58738790,
1168.48004433,
436.65472265,
-754.31849240,
844.96442978,
1284.36667009,
45.67621201,
234.43640104,
-586.16406035,
207.55104498,
226.83765168,
134.82515250,
352.48966725,
247.78752741,
443.72749269,
32.34140557,
-63.17338264,
-735.96337786,
306.72391693,
793.46877162,
203.14215554,
817.89921081,
208.57375921,
435.68848258,
-732.90784028,
821.77232343,
171.14278096,
847.82605531,
511.68793391,
774.30762767,
-1727.71059282,
-294.99565959,
-747.22671935,
1354.91200262,
664.72721789,
-1033.16405334,
1211.06051123,
1591.23248259,
208.25410587,
417.23491468,
-765.03649651,
123.60567578,
398.17666116,
62.75651389,
751.35731155,
439.71147068,
555.49879048,
-201.78705935,
-74.62303634,
-1027.02629346,
428.87340681,
1061.20091168,
-198.34883549,
758.56603699,
381.98969847,
417.69841620,
-1123.20873087,
1129.15914261,
474.91366076,
1354.25732273,
610.34123721,
1164.56951851,
-2133.81040310,
-235.66715334,
-749.68995894,
1170.60699753,
444.89999071,
-746.95017153,
845.18133514,
1282.67237960,
43.57017544,
227.61643333,
-585.65188063,
211.41840164,
231.45650573,
142.21099458,
362.22736750,
240.89248334,
442.99251575,
31.50710446,
-73.25440139,
-720.54157546,
285.50083945,
799.94216908,
200.51178112,
799.68566611,
215.55424367,
437.25999956,
-740.23849344,
813.40202657,
175.93539839,
845.30087954,
500.71758943,
778.52596576,
-1716.15505388,
-286.02733011,
-733.16843790,
1439.19776404,
806.40245327,
-1200.89908754,
1372.75247895,
1738.96916016,
324.14482714,
376.88896988,
-937.53123850,
-2.84354939,
432.57764693,
206.69804917,
1038.23640399,
380.17046427,
523.20356112,
-163.63629243,
-77.65976417,
-982.72256283,
381.04249143,
1198.12309270,
-226.78989675,
953.82889150,
368.76862700,
676.95074909,
-1285.13510993,
1108.75543633,
593.90980004,
1447.95593673,
560.79430118,
1216.35907743,
-2238.95570166,
-319.23130016,
-769.40574047,
1228.85333988,
456.10985803,
-684.80811633,
865.59199424,
1371.36399768,
7.91385570,
330.76182006,
-576.44085172,
294.72368324,
220.70864914,
213.56246492,
223.66010873,
302.09725493,
540.80543179,
62.44142022,
-1.77018677,
-828.84345803,
320.70437098,
744.86411417,
254.95070807,
956.55202651,
260.80189193,
448.10690686,
-637.17547421,
887.89520719,
112.17139276,
781.20393294,
468.16982091,
830.60899328,
-1960.75263559,
-290.42065053,
-885.08308833,
1484.96105661,
740.39410153,
-1278.00850129,
1450.98738207,
1811.33810887,
285.19023145,
286.42616895,
-1092.70018329,
101.70552030,
377.06800040,
331.04286592,
986.04855145,
408.07486125,
524.89925577,
-112.12583886,
-51.23195092,
-967.39507051,
474.86499097,
1272.14476597,
-245.10165691,
1087.56889253,
273.69040357,
783.99229416,
-1275.98783392,
1040.91888284,
474.99470815,
1676.74245139,
563.37859024,
1228.36889431,
-2396.15762586,
-387.91693932,
-720.78079744,
1477.93742011,
362.66710377,
-614.10418675,
798.33316233,
1502.48863177,
-7.05316701,
407.00752577,
-602.58502915,
317.01996751,
195.66336610,
92.46399110,
291.42607913,
242.34287623,
569.14435323,
120.93781723,
32.82766756,
-906.17637492,
279.71245609,
735.15919487,
439.63794621,
1087.42845410,
327.43120860,
436.95054140,
-571.59825859,
1108.92653132,
204.37229654,
693.61690983,
583.73048986,
870.46927663,
-2174.26177048,
-370.96488863,
-1039.76805803,
1520.07152238,
781.54613029,
-1304.92156728,
1401.44276015,
1877.51022456,
287.00219093,
191.98185672,
-1127.02531969,
87.69282761,
394.18801497,
309.52040537,
890.15675013,
467.56520298,
578.00535570,
-11.55336616,
-21.30779759,
-962.65796988,
478.16779257,
1313.68643627,
-235.70800444,
1080.41075155,
265.90843316,
731.92644000,
-1311.29418856,
1048.78160740,
388.62648567,
1688.32040911,
637.18890078,
1267.73533516,
-2379.02455332,
-362.76711474,
-698.63666450,
1609.54837034,
415.41140955,
-685.85419298,
763.14845664,
1629.64685937,
-110.56089974,
270.28198265,
-631.98828498,
354.76449387,
224.05938197,
31.90839521,
145.16339817,
274.13537621,
615.20354040,
248.61225570,
-40.21219341,
-899.29815905,
222.79977016,
815.23043729,
541.42195713,
1016.65439880,
326.21936655,
355.82338954,
-677.82179876,
1172.24163998,
96.38371925,
717.21218469,
731.23391059,
911.68922235,
-2144.37486089,
-343.02907076,
-997.14933733,
1549.86341446,
806.96584708,
-1315.53281893,
1360.58447891,
1921.15983127,
290.49616506,
131.98881282,
-1157.19350910,
74.48563282,
409.65607627,
292.54285832,
821.97078356,
503.95611750,
610.12595365,
67.65437036,
15.10486315,
-965.80712746,
487.62249161,
1339.38428972,
-224.15745644,
1087.26966045,
258.29638986,
701.67454552,
-1325.10137047,
1058.97504839,
325.18547893,
1688.47547770,
690.58616477,
1297.73135908,
-2384.77855255,
-348.15448617,
-701.03560120,
1595.89147433,
315.22345647,
-726.40503180,
854.84863526,
1638.59625265,
-191.69660769,
215.23532599,
-681.89718237,
531.95200522,
199.86727756,
117.35276475,
82.70321441,
290.96271015,
520.70621880,
310.02537839,
-110.94636856,
-956.53738613,
298.59301373,
805.49496022,
492.73171171,
1044.26988991,
293.16759330,
503.96246590,
-720.09762821,
1181.30420782,
9.39895443,
838.37706604,
763.12224683,
839.25829971,
-2306.19941074,
-403.00738285,
-954.09497423,
1547.77007050,
810.26872391,
-1313.16190662,
1366.93860711,
1923.44744796,
293.96442194,
135.68069801,
-1152.17181678,
87.18512107,
405.53528625,
302.64325793,
818.26735570,
516.76737412,
618.79586850,
65.72818363,
15.39169569,
-961.44280280,
484.60990001,
1342.94005725,
-229.36287142,
1091.72497760,
268.50587233,
697.78384575,
-1321.84355363,
1061.78203182,
323.49981552,
1687.23798405,
688.05529649,
1298.97757803,
-2391.40590700,
-346.50769018,
-693.90925549,
1587.95658946,
387.43871889,
-850.27818309,
907.06207445,
1575.73260890,
-192.11350075,
311.01805874,
-640.44744872,
567.47416096,
257.95598341,
144.17970821,
165.00573994,
262.05430431,
412.90920125,
329.41492679,
-171.14002834,
-991.85303734,
296.29959154,
825.77078430,
543.20969194,
1116.04706984,
371.83795223,
619.25089528,
-809.21028881,
1224.46472431,
11.86211638,
712.07169961,
832.30562527,
795.99686566,
-2343.82785505,
-443.71713391,
-1007.96803388,
1445.94675431,
839.24536329,
-1293.08663993,
1286.29199705,
1708.71998665,
146.66691620,
322.73210569,
-1075.82671556,
192.95765438,
497.72249877,
261.12422224,
787.96032072,
471.26761985,
418.23329841,
47.34327298,
25.82597491,
-1023.27885159,
458.10441762,
1178.81508493,
-318.79685201,
944.21700107,
403.96973594,
617.53175972,
-1304.38804759,
1125.58212008,
303.06475588,
1538.12459100,
675.36913063,
1313.54985736,
-2385.75339049,
-274.25619139,
-641.76645106,
1362.63453869,
604.38375866,
-935.07835682,
1020.85665637,
1601.06107729,
-236.40924279,
238.80584496,
-610.68625186,
561.62590213,
305.98783946,
265.76041594,
117.10632224,
357.02193516,
378.57311554,
239.82365312,
-223.55031284,
-1049.50878391,
376.76514961,
862.10902970,
324.38159043,
1003.35578475,
298.40254704,
649.58986272,
-943.72668022,
1022.35562675,
-129.59806082,
838.37902793,
650.65391171,
808.09568348,
-2227.78050353,
-389.63853030,
-911.39929546,
1332.26049790,
656.25001142,
-1134.89479720,
1222.40670764,
1513.58546219,
81.37899212,
449.61320876,
-775.97477224,
414.08272681,
440.00636266,
107.34121092,
817.88610553,
427.43066646,
311.00025387,
-94.36040390,
-160.76506685,
-1117.16992282,
517.12856006,
1154.53307794,
-142.70464807,
848.87607868,
459.05756273,
686.14959146,
-1208.59813865,
1113.90117400,
246.66463465,
1316.82569915,
745.70028842,
1037.89380787,
-2306.28760846,
-335.89068904,
-725.15494796,
1232.35169585,
704.60553336,
-933.39957980,
984.72051645,
1567.56740893,
-133.77275888,
189.80463667,
-683.81967660,
548.96287599,
364.07642867,
355.63789508,
183.10239428,
425.51344278,
312.44223462,
299.29145283,
-39.42928624,
-1078.52474884,
520.14140102,
862.17206622,
118.42498588,
1076.97990980,
244.49692860,
726.30419203,
-936.42354827,
919.58892787,
-265.31851721,
926.03124285,
541.01194667,
858.14689379,
-2299.92224737,
-410.64872788,
-959.66634908,
1292.25553377,
618.01737796,
-1060.71925001,
1179.90221980,
1429.39569611,
132.58003916,
457.87457238,
-707.79130945,
399.51207439,
409.92251061,
112.77993752,
935.04705789,
384.18322645,
279.93798772,
-161.65237773,
-198.99998516,
-1064.51715309,
445.44366572,
1106.96579802,
-99.55367075,
884.27081875,
430.28079501,
701.74902024,
-1129.63707798,
1078.14581895,
278.79453915,
1243.84987342,
679.66518616,
967.05863686,
-2175.73928368,
-346.61814547,
-811.55411497,
1210.30611962,
575.64775372,
-867.02241229,
1059.97027817,
1440.50573369,
17.69664373,
362.02718732,
-617.99345850,
664.96091507,
307.32937685,
390.57350049,
469.92008748,
493.45016222,
326.19548747,
108.66251412,
-71.07428283,
-1017.75856707,
478.91484880,
919.79624682,
-0.45675073,
1115.48985879,
369.15746988,
724.64946857,
-844.59809264,
1011.86624781,
-121.33695477,
987.43249960,
522.75654781,
820.23388600,
-2325.00490329,
-428.66196715,
-914.75712124,
1310.81850980,
571.04084236,
-981.42505964,
1177.87086387,
1540.37852902,
270.14204758,
285.77269012,
-709.71490365,
263.15136218,
364.03946158,
33.30524188,
1087.69603506,
380.78752834,
425.12868626,
-92.86504045,
-253.72298640,
-972.41533588,
367.32258244,
1171.07242194,
-20.50701742,
924.39246237,
342.42743874,
825.62729349,
-1102.95780141,
1066.97815467,
363.41091428,
1265.73580861,
711.43359644,
876.84965335,
-2046.19603040,
-352.61903017,
-840.47876742,
1282.57799664,
420.87137318,
-814.13983644,
991.69761455,
1365.27550770,
142.65567471,
408.80186569,
-644.11999978,
657.53369322,
283.19005929,
280.18169640,
726.63441610,
457.38950586,
267.57813151,
69.69782419,
-23.42939956,
-1005.34172872,
491.22237828,
941.08078088,
-2.58633749,
1178.42727207,
400.34822996,
734.80783339,
-784.72950624,
1109.74936932,
-2.52091820,
1018.27139446,
611.67409944,
800.47345690,
-2361.56160916,
-500.26944247,
-962.07793400,
1364.33858816,
498.38681658,
-941.29488290,
1210.01081267,
1645.79872697,
333.34754397,
160.35845783,
-795.75613029,
266.73178354,
288.96270838,
128.80235814,
1121.73188288,
387.75883826,
429.36520016,
-107.99038940,
-276.13426544,
-958.11071628,
350.23132419,
1227.91458947,
-36.35650300,
988.67048789,
270.92665314,
907.09060397,
-1135.39786211,
987.21720977,
367.98100652,
1368.17320886,
649.20883175,
852.05861067,
-2076.43340917,
-407.21473303,
-821.05319064,
1312.69464529,
355.86332966,
-826.54035547,
971.70432011,
1333.22641954,
195.80303831,
400.96351801,
-660.18297400,
624.91375834,
271.43898737,
192.44322617,
885.67666430,
436.24623022,
223.82562572,
11.57095683,
-55.57092963,
-992.48300800,
480.11590283,
976.23790594,
-16.07457332,
1151.08543106,
393.51057085,
709.19600916,
-803.28230381,
1145.58346299,
74.47268790,
1091.52485052,
672.06500546,
794.37522367,
-2287.42291218,
-519.00494196,
-944.64842669,
1392.51281349,
514.15336039,
-993.54823281,
1225.73694057,
1648.15970412,
321.79690427,
190.25137134,
-794.99759619,
283.87390356,
272.91518273,
147.28298062,
1080.50692451,
391.87487139,
456.64515583,
-141.81526375,
-263.13693765,
-960.81852449,
400.88754686,
1266.39185887,
20.74379014,
1048.05622988,
247.29550212,
870.85350482,
-1121.12958138,
965.85107478,
323.40768832,
1391.62595975,
662.79369510,
872.16705777,
-2097.60750632,
-435.21065913,
-863.61364563,
1318.30992503,
374.83354592,
-859.43940694,
977.36498682,
1259.62330428,
158.52187438,
422.99492371,
-644.53488657,
624.28195828,
315.99219295,
192.33990219,
884.40075937,
359.13592851,
181.47449929,
4.70334486,
-93.98044398,
-945.36444144,
442.24024610,
970.01851294,
34.37208923,
1093.80994152,
397.63431492,
726.31219400,
-840.81903692,
1130.85547050,
102.31787874,
1058.86198477,
682.85749519,
795.00021956,
-2242.83359671,
-488.58557010,
-968.09050147,
1387.91810881,
627.26117147,
-1124.60970672,
1195.33392018,
1559.75619360,
254.66418563,
356.32201096,
-771.71685370,
266.85534257,
330.97327913,
90.37193107,
1038.53933183,
390.99179521,
497.01446788,
-171.06101135,
-171.64187407,
-937.90515984,
464.73667063,
1295.43869962,
102.25408242,
1106.98283723,
292.88755739,
737.19642251,
-1045.59702577,
993.07007668,
259.26961524,
1343.74490442,
729.44044892,
962.78456428,
-2086.63056131,
-406.94653296,
-901.84017136,
1290.20430494,
422.92348812,
-885.02273757,
948.81221621,
1169.29229848,
133.94125288,
391.15396315,
-654.19335289,
607.84434868,
363.75048376,
253.32763482,
815.61419413,
270.24894538,
140.62738156,
95.33384318,
-78.97827451,
-827.24158309,
396.93586015,
966.03105898,
89.90453274,
1047.76398913,
396.75230750,
786.27288837,
-861.83265871,
1049.81304395,
75.85754230,
972.07655307,
671.11950022,
783.94457160,
-2185.06739486,
-463.41646526,
-954.09387298,
1444.60226791,
760.23555931,
-1200.72046323,
1140.03432634,
1514.10658715,
184.88741550,
485.90087477,
-828.94773774,
241.72912241,
384.92123034,
151.59288260,
964.93976019,
358.67143705,
408.94804173,
-247.13713004,
-92.52135535,
-949.76745695,
424.73488554,
1290.40625899,
72.13160150,
1072.08456384,
390.97967719,
562.26184725,
-1115.17205111,
954.94890845,
252.51608641,
1276.74973963,
677.69173653,
1127.09891474,
-2085.02597420,
-355.76294990,
-842.78148158,
1161.75516664,
556.66316862,
-995.93585994,
1036.69259538,
1206.86864656,
37.17505639,
290.56947874,
-637.21769756,
553.78637944,
397.54736146,
252.55540752,
684.37329508,
330.72639095,
151.66483659,
6.82075879,
-203.27891554,
-902.52122464,
424.32447331,
971.99118400,
2.98016107,
891.34645902,
294.80561259,
731.76216259,
-1005.21642445,
904.29535169,
-16.17537418,
1105.12719143,
623.36836243,
811.52962751,
-1999.28897426,
-355.97153524,
-883.19004641,
1516.83401325,
903.31063627,
-1260.32158133,
1112.33341799,
1561.34930759,
191.00575340,
566.48426393,
-920.79683513,
96.26696530,
438.54385414,
174.98353123,
964.25408535,
326.29020381,
412.62013932,
-288.54949159,
3.96246248,
-948.94173519,
362.84579235,
1308.97588923,
34.76323988,
1047.54753848,
469.11346886,
436.74340678,
-1192.22101638,
941.39195819,
343.84889835,
1236.10384904,
632.12674929,
1302.48021146,
-2083.17529785,
-297.42116537,
-777.09878926,
1208.46163548,
613.35626954,
-1058.39905384,
1029.33616486,
1310.51066208,
19.78790433,
270.72413553,
-661.89443401,
525.40376835,
430.33445904,
148.61073908,
592.60035720,
407.13726779,
228.41461297,
13.11074459,
-209.51383221,
-1009.51813466,
487.26615182,
1070.76706913,
14.46983921,
833.61771120,
318.51443491,
663.57596292,
-1102.88417431,
914.18861295,
-66.12238361,
1164.15352219,
750.51702976,
887.57123773,
-2027.86688186,
-301.42869110,
-856.51418756,
1507.58877928,
873.89254883,
-1234.65409681,
1267.04053501,
1747.65198669,
278.07494373,
402.14091778,
-1021.03210440,
-69.03416068,
416.32639085,
185.43873575,
955.69897878,
379.91400217,
627.37552983,
-217.71567974,
62.73325534,
-897.52231628,
395.55258154,
1262.48126203,
-150.19978546,
1007.33604340,
321.36354601,
457.84652505,
-1174.03661506,
1015.12547960,
503.21847052,
1525.15806364,
538.33296779,
1368.87355518,
-2158.79253037,
-271.76612439,
-751.93858846,
1349.89321362,
715.38798568,
-1125.54524466,
1111.33811538,
1439.97710177,
-179.17191676,
377.31398022,
-613.10765193,
527.99134388,
480.44285146,
74.20169226,
440.30152221,
310.10911228,
285.17948851,
-36.47107676,
-344.07274535,
-1116.41498183,
434.30346628,
1103.31327180,
229.82798524,
739.33522156,
387.40755596,
648.31478189,
-1222.71922723,
974.46819146,
-0.22315027,
1072.59665539,
806.32022374,
949.02793578,
-2119.78065316,
-253.61026281,
-903.58552391,
1510.50906460,
762.29649484,
-1109.03107466,
1304.61097339,
1896.75350806,
357.79042346,
211.44895562,
-1078.83441927,
-123.42122929,
334.93720212,
198.15172312,
930.65983883,
434.55505065,
761.86612605,
-181.39331209,
64.13987798,
-865.60611330,
388.46164594,
1257.93297567,
-246.90004210,
959.62298525,
212.06297552,
487.83540442,
-1145.16929700,
1000.43740257,
561.14041991,
1699.05673924,
474.11498959,
1344.80294404,
-2165.22795468,
-268.80841869,
-692.44938689,
1626.75337461,
588.60238798,
-1001.52015736,
1046.77344386,
1642.92489584,
-142.90570232,
523.05385097,
-634.70081112,
599.21452221,
421.58340132,
-30.29936729,
484.43338171,
340.93746248,
396.45906948,
34.42997441,
-227.15773594,
-1269.16306800,
461.34210435,
1102.60462607,
386.42744362,
976.59518671,
511.43670642,
620.42479295,
-1083.92170742,
1275.85992520,
76.35409543,
972.97764729,
932.57473474,
1008.27697984,
-2511.05186591,
-376.46159373,
-1089.37219565,
1534.71109258,
590.64606486,
-1099.70442370,
1310.35222979,
1822.91422862,
338.22202120,
259.79163415,
-1067.18129037,
-147.58478040,
254.67874317,
168.01548674,
814.42215211,
390.23158136,
790.36234816,
-188.88365649,
4.89306453,
-855.49709005,
352.01032724,
1180.59671525,
-106.03894223,
999.39003511,
223.46334046,
485.25118536,
-1072.86407258,
1013.09019180,
651.80763070,
1597.95854307,
569.48982141,
1265.30497045,
-2140.12186359,
-263.02330256,
-661.53636182,
1633.13830977,
588.36859918,
-995.75540998,
1043.06955462,
1636.35622895,
-138.98052455,
533.83441234,
-637.75807274,
611.14813448,
427.00268927,
-18.49379243,
486.86887664,
343.72573902,
402.32120829,
42.00503002,
-217.98434104,
-1253.93762832,
449.91192880,
1105.36566149,
381.94090636,
978.53344620,
530.66028026,
618.99190487,
-1077.49709602,
1285.21933006,
77.83329786,
963.36598955,
933.37695382,
1013.31916444,
-2521.14760930,
-369.95997141,
-1083.58827730,
1526.83484466,
627.54889882,
-1062.36513779,
1248.07315501,
1893.15620737,
267.54921347,
176.01327117,
-1066.32868651,
-176.96997046,
222.66333061,
258.85656038,
633.51789976,
318.19497157,
767.00483047,
19.36215388,
86.68744787,
-759.63770789,
335.66044107,
1104.71982322,
-32.06322936,
1029.13263091,
200.99718592,
526.29298729,
-1031.21312092,
991.39678856,
601.81638068,
1398.86756067,
484.29601703,
1178.53943454,
-2166.02723885,
-361.63937626,
-568.23499379,
1617.26860060,
575.00333385,
-976.30144523,
1018.18757696,
1603.84964135,
-128.07600164,
486.02462250,
-637.44900321,
631.94047209,
419.69644720,
13.00639875,
503.73263040,
352.66277814,
382.35652717,
66.52074158,
-221.56569689,
-1209.98396358,
414.50364787,
1073.63206185,
374.73673752,
1010.61659487,
492.86364734,
621.20387649,
-1036.18473256,
1274.51807264,
36.64137416,
970.71792977,
912.16680892,
994.48779543,
-2466.79999441,
-365.77174649,
-1112.79067921,
1491.81422170,
567.15866644,
-952.38500626,
1117.92113971,
1804.81680995,
307.55717970,
8.67466917,
-1075.67913266,
-120.40395987,
186.16024106,
315.51251874,
738.85606807,
317.59604491,
691.92426332,
73.80399083,
50.26408240,
-638.07324709,
205.89399734,
1059.97515765,
-10.73539148,
1110.64648940,
104.84228557,
572.83054063,
-927.50005515,
898.50036462,
464.05179722,
1391.30260413,
429.21231696,
1094.30600111,
-1960.55740891,
-349.02544395,
-641.41313315,
1595.98386405,
553.10105814,
-949.19291314,
999.71350011,
1576.54563620,
-101.36790287,
406.94994070,
-644.84993199,
645.94236439,
402.88480100,
64.10363787,
529.86384842,
367.69282873,
370.62798716,
97.14130201,
-229.47909147,
-1152.40290096,
370.71626574,
1041.16731563,
354.01976189,
1051.65308311,
435.94756984,
629.79238541,
-991.39131795,
1256.72091361,
-10.15428767,
992.89856142,
876.07432819,
969.19157141,
-2398.16146013,
-368.56850700,
-1151.87910051,
1406.82669973,
579.37391996,
-933.43826685,
955.67630325,
1566.99025489,
120.48338533,
219.93345220,
-929.04969833,
71.04524935,
256.88963839,
186.49455615,
645.50086390,
288.08102017,
530.00207758,
62.60337948,
45.85133220,
-712.49839837,
233.02116982,
996.59735082,
77.39141304,
991.71514789,
264.43224191,
473.63182409,
-857.70366292,
920.77702489,
305.50732781,
1160.21363401,
540.92455082,
1052.81507191,
-1922.77736990,
-293.17059096,
-604.80596635,
1545.87058759,
574.77954518,
-966.19778557,
921.26634170,
1510.83732361,
-161.61712593,
260.34865237,
-652.77034311,
562.85488380,
406.38135619,
106.97971826,
465.39838958,
216.31616765,
241.96326196,
249.77044555,
-222.00637152,
-976.53875015,
313.11354491,
967.70159737,
406.68814940,
977.56577167,
347.73306876,
669.73897589,
-1018.75355471,
1163.10228752,
-24.06492944,
870.35012677,
810.28422952,
869.62278206,
-2219.99238677,
-426.77173941,
-1050.59757347,
1325.93450804,
494.61765716,
-858.24917993,
971.49090122,
1504.13904527,
107.12439062,
234.85277698,
-752.11313884,
182.81716376,
259.49781607,
125.08301345,
583.93897066,
327.99615582,
482.90963443,
46.50334067,
-62.71763894,
-811.87440188,
282.98600913,
925.69558914,
54.76887619,
877.55501814,
291.62675149,
487.24425167,
-880.48221618,
998.36997716,
296.31581285,
1070.98352001,
582.06502568,
922.17944694,
-1932.86615457,
-309.85348042,
-665.92214444,
1338.51288682,
456.52738730,
-961.69202169,
938.02186581,
1425.61700542,
-194.12644415,
75.59775127,
-641.82889691,
415.59988918,
293.84283244,
114.46178934,
275.91316782,
199.52174124,
263.26946654,
219.44539165,
-312.34299637,
-826.51743193,
287.47545748,
876.25518784,
325.42511540,
756.68468844,
200.22667007,
588.60814915,
-1008.42076584,
956.06484942,
33.81834735,
928.99429381,
732.10274347,
724.14670964,
-1853.31895752,
-372.26764211,
-722.88138437,
1330.54407975,
511.49741782,
-864.32609647,
961.46528453,
1495.73297991,
112.51450978,
239.31451688,
-761.50599374,
177.22804882,
268.53497587,
130.40096844,
596.75362110,
327.97721389,
477.89425445,
50.38601949,
-44.03062672,
-798.74420069,
277.94854207,
925.96761209,
44.79952917,
881.83893145,
294.66465045,
470.93589439,
-875.73570720,
1004.47345472,
292.84344958,
1069.73529019,
577.45932420,
938.94348966,
-1928.85847925,
-307.58583378,
-669.46948950,
1170.20308766,
436.81731833,
-752.13643437,
846.21390999,
1276.23663711,
48.72766532,
228.00330756,
-589.86267986,
204.33083091,
230.48967727,
136.69797882,
385.21262643,
235.30569237,
429.46642957,
20.20996245,
-78.08479815,
-728.01148194,
289.64664593,
798.20089823,
199.29780882,
809.68853205,
205.20082795,
448.76268438,
-742.20258045,
812.39450272,
181.82333977,
856.88239606,
501.96368836,
775.69125675,
-1709.69792462,
-292.10545174,
-752.95730758,
1329.00112023,
505.93909307,
-856.21599703,
958.52460480,
1487.44175077,
113.23245185,
238.38573557,
-758.19787817,
186.32565669,
270.98057433,
125.44726611,
600.70475960,
325.77061525,
474.89814401,
59.51740347,
-47.32910285,
-792.58099388,
268.57184653,
926.60320861,
47.01344387,
876.80293693,
305.87198472,
483.72045125,
-873.36441956,
1006.81423677,
293.68745314,
1063.64174170,
586.04558443,
930.70889243,
-1926.61993585,
-305.25218916,
-661.31614005,
1155.24573878,
431.73093212,
-742.52763287,
844.04377673,
1272.18230226,
50.89230908,
222.97120361,
-587.39128023,
215.94996422,
228.58670572,
139.93227381,
374.52920397,
246.46542083,
436.41443420,
39.11893087,
-68.16548357,
-716.29615141,
294.20026322,
792.67759975,
184.78358552,
805.23977274,
207.99473816,
450.21476766,
-728.00815176,
819.26445754,
174.29629499,
856.40187726,
502.33855058,
768.63572384,
-1718.85066829,
-291.24500546,
-729.30833504,
1348.74479261,
499.37910497,
-867.79815177,
945.82461953,
1441.15959557,
123.91793233,
239.70173444,
-761.58525908,
187.30894856,
285.17361603,
135.32208224,
617.16981206,
285.10522271,
458.81224605,
79.86670061,
-48.18346569,
-731.18701601,
241.99638461,
947.74143839,
80.22905849,
861.71380600,
319.43014537,
500.64081018,
-882.65457690,
1003.24655709,
309.78775189,
1037.60780625,
607.19943839,
926.21039097,
-1909.98793592,
-303.87488362,
-656.68529176,
1133.63213264,
417.55414725,
-712.26204804,
865.53785887,
1290.76152655,
68.04757098,
205.16686205,
-565.02149665,
187.29479139,
247.80979934,
92.07687401,
403.55255917,
243.93294094,
453.17786628,
85.67960292,
-92.35986234,
-734.86818500,
278.59700252,
764.18606621,
157.25837204,
755.03253894,
225.08796272,
511.66561279,
-747.05410108,
871.29131747,
237.43765332,
840.41874229,
522.63379598,
735.80646577,
-1733.02350027,
-273.31626074,
-724.15035540,
1394.19661437,
531.40200988,
-1028.43872432,
1027.87135926,
1476.63154178,
171.62257972,
147.05851500,
-847.34446074,
96.28678450,
326.74560026,
76.13547672,
815.40742773,
242.31702364,
395.66762268,
34.22129154,
-133.22514397,
-692.06162264,
244.82952626,
1075.78878900,
9.18664517,
767.17012397,
271.95233630,
526.87194829,
-1080.70527817,
1005.91104494,
420.25095428,
1234.70446536,
682.91563379,
960.70414745,
-1814.81267421,
-324.04928432,
-565.48278312,
1193.87026954,
416.70100422,
-740.28664268,
964.15164861,
1357.70732680,
33.13425298,
273.78408895,
-470.98828887,
350.41578587,
303.01615474,
55.72454554,
359.70915623,
323.73526030,
421.22412644,
75.85672015,
-190.90340829,
-939.55190310,
359.71544539,
768.29173460,
123.83152722,
711.96252730,
303.88554265,
531.39630210,
-868.94247349,
1059.26763518,
219.83464650,
849.74955031,
622.67726185,
740.52916955,
-1960.61367927,
-306.23521526,
-865.49137562,
965.56708924,
308.59749024,
-729.98146573,
701.25831617,
978.05838021,
235.04551879,
52.87192357,
-593.24459673,
69.71437988,
202.29417137,
24.57588793,
721.35137145,
217.84911549,
270.24489839,
25.50914147,
-98.85516901,
-363.22081402,
142.26491923,
840.06881027,
-77.55140365,
490.39186419,
227.12730904,
327.41281394,
-767.13095302,
745.72755113,
347.54499094,
920.93813229,
542.49086870,
628.97422703,
-1160.43854670,
-256.49934951,
-250.12972029,
776.90357990,
207.80270628,
-463.15924668,
701.54437487,
923.99637735,
50.01212118,
187.37217011,
-171.80160642,
314.56226459,
190.06620443,
-34.66140018,
220.62706154,
262.04579548,
329.14060456,
37.60329615,
-216.72917929,
-710.87366533,
317.38050487,
519.72965874,
130.87065961,
458.67496965,
199.39893075,
406.08742081,
-584.40389070,
798.41534703,
149.41821419,
534.80272461,
490.33667919,
383.10266820,
-1369.49693393,
-256.55827900,
-689.13104229,
1397.68260624,
465.04370142,
-1078.33512803,
1027.13233075,
1417.89770087,
352.10181894,
68.37298144,
-890.27720449,
50.74823668,
296.80829354,
47.08552459,
1085.30736919,
288.39645165,
381.64134106,
9.05696195,
-142.10444078,
-517.65959134,
198.74157927,
1225.01016861,
-123.44047603,
711.78312303,
303.95799233,
487.78345340,
-1138.34857792,
1038.75153329,
532.27938117,
1363.84372705,
760.33981561,
934.06353780,
-1652.20532231,
-361.43165074,
-363.66551401,
1212.30092445,
329.48849595,
-745.03477068,
1135.07363557,
1472.08738566,
108.59279065,
279.74198991,
-276.63266669,
475.87831857,
298.01872574,
-51.87660619,
368.32892213,
435.22535702,
537.44431672,
49.81787328,
-343.83095098,
-1119.75509006,
524.00306027,
847.49188434,
169.58313724,
712.63452570,
305.68449443,
647.45062935,
-945.10663447,
1250.53968686,
250.31871156,
886.21458465,
774.25053661,
607.25241675,
-2157.82782201,
-408.44870844,
-1064.18360572,
1723.14629502,
665.05061898,
-1249.06242927,
1293.89437737,
1871.17377998,
234.58329010,
208.92102271,
-1059.30684582,
124.20862069,
381.75613635,
137.61864504,
972.72988251,
356.16040626,
556.74925873,
31.69890661,
-122.64181614,
-880.92357303,
315.30472560,
1327.43736683,
-12.08264862,
1015.54234300,
352.02067341,
639.93729155,
-1291.68404884,
1249.64402910,
507.69991631,
1536.37471752,
810.62810885,
1217.30109439,
-2309.90014773,
-396.14762091,
-715.74159255,
1610.87031764,
584.73374454,
-1055.97516788,
1320.92801498,
1833.67932763,
94.17074807,
346.99232859,
-696.77655826,
383.71648222,
378.77872827,
108.65370598,
555.00902131,
411.54818124,
611.39863312,
41.19365918,
-224.20495057,
-1180.28177086,
489.39263834,
1109.64650570,
179.21888666,
1017.95090549,
351.94855701,
705.49623127,
-1158.39442816,
1334.11504086,
322.33339270,
1228.42632567,
802.28626849,
1027.68905305,
-2561.09440311,
-424.83133727,
-1122.97121047,
1764.83495920,
714.90598890,
-1199.34185817,
1290.78704454,
1931.78767802,
145.94664529,
293.01108812,
-1046.27916126,
165.15185094,
395.89176306,
191.82865307,
791.73858209,
349.03528930,
610.88470691,
61.94276213,
-79.35584885,
-984.09812557,
326.99174561,
1250.83907021,
97.42438358,
1112.13752645,
366.95277552,
664.87918014,
-1225.13959403,
1250.73139100,
433.75006614,
1426.72052167,
759.42842012,
1268.65872700,
-2481.51775829,
-366.98842941,
-878.75727689,
1659.45913696,
673.59349037,
-1097.40510775,
1272.96748957,
1875.00123801,
84.52486422,
317.52347368,
-883.96079185,
239.87284331,
383.06603367,
166.85696374,
623.88750676,
348.77895779,
622.72198090,
72.76058572,
-117.61197664,
-1065.66429909,
389.00707036,
1133.20582523,
169.92954222,
1083.65593284,
334.40175930,
697.47472952,
-1139.28197513,
1233.90691599,
354.06068646,
1284.58255360,
728.21051501,
1148.93636958,
-2491.99820835,
-371.50506352,
-1007.29741835,
1759.99181731,
714.01590553,
-1179.92659392,
1290.65057740,
1955.13537769,
144.54391040,
289.99604742,
-1051.79594944,
166.59177772,
384.75211345,
200.02742672,
773.28262824,
359.60448575,
627.84981442,
71.35543950,
-58.00627563,
-1002.25150265,
346.62916484,
1233.65271513,
89.86095856,
1142.17553661,
351.47891211,
671.12639526,
-1198.35622341,
1248.75913109,
416.18908117,
1434.27794941,
738.95810566,
1267.98543740,
-2509.66289532,
-378.95994013,
-894.66094382,
1683.78025744,
679.20829785,
-1123.20950876,
1281.54381061,
1881.12046108,
94.96087210,
312.97214845,
-921.88244758,
237.64052342,
374.50281550,
201.80859765,
629.06302136,
350.62552656,
631.75463313,
52.71022831,
-99.19691745,
-1038.33599506,
388.17939417,
1160.24835737,
168.12135266,
1114.62585486,
317.97115545,
674.83102625,
-1140.73539168,
1211.35555070,
345.97053915,
1332.66950141,
713.89157896,
1181.28083510,
-2495.13436251,
-376.08767457,
-1000.60616596,
1752.98225568,
711.48344075,
-1188.58086252,
1311.98828024,
1957.75547804,
135.87444342,
310.88225215,
-1034.27144120,
187.75074511,
379.89317097,
202.35095359,
764.59172325,
376.51968635,
632.91668487,
60.83213592,
-68.43955005,
-1019.17537019,
359.25309978,
1234.49896048,
86.09233945,
1144.31653960,
365.40953199,
667.19087142,
-1199.69704379,
1269.56262923,
418.94384670,
1432.65849281,
744.50569552,
1260.31156940,
-2532.85819477,
-385.01944601,
-891.25751771,
1692.54262941,
683.36793762,
-1126.08667882,
1269.99656696,
1891.13958548,
91.10284181,
322.25327382,
-921.37830033,
224.75710915,
373.65114983,
189.12427751,
603.46188744,
349.99941595,
636.79235662,
60.57327718,
-86.57948899,
-1055.57237382,
407.12292635,
1157.76234663,
193.67564875,
1131.52599092,
321.17964028,
669.02008613,
-1134.67616968,
1211.44676759,
336.53310956,
1305.66958608,
727.65318910,
1182.36891335,
-2509.29140161,
-384.08966124,
-1012.76580494,
1763.36197753,
725.21697096,
-1194.86500436,
1331.36648035,
1981.16379920,
150.03336139,
319.62186886,
-1041.73932339,
156.89849210,
398.63270731,
172.12481851,
772.82156674,
390.44967004,
664.02291068,
14.27007479,
-67.18549520,
-1048.50312543,
370.73254246,
1248.41546297,
47.55842226,
1099.85767465,
362.28868469,
626.10073394,
-1229.66109920,
1276.79322077,
451.25990697,
1489.80927692,
742.26785695,
1313.49442497,
-2539.03104961,
-351.00009368,
-901.09174258,
1692.92507465,
689.51616640,
-1120.31922622,
1270.30668795,
1888.71447602,
88.02716972,
317.20409183,
-920.44792251,
231.60685875,
377.66252206,
191.76225287,
613.32120870,
342.36771334,
634.16085620,
63.04844655,
-96.46213480,
-1040.40851917,
387.31351748,
1167.33287368,
188.44115265,
1110.46885783,
327.95175313,
672.98584160,
-1142.64733136,
1206.85402471,
339.86283338,
1306.62791542,
720.80176593,
1187.42416312,
-2497.16967956,
-371.19850158,
-1001.69622188,
1768.11687115,
776.22422545,
-1226.78750335,
1362.33626974,
1990.12533966,
190.48537718,
353.19272782,
-1051.98377242,
112.82603564,
420.86756551,
192.63981619,
876.02190337,
366.28569716,
636.88681701,
0.74005878,
-67.90675596,
-1048.75160148,
352.73078516,
1265.22360749,
37.82718030,
1142.37093954,
385.27210672,
686.05709793,
-1266.81295537,
1282.20471557,
504.33311858,
1465.05975169,
724.04593589,
1319.38634385,
-2551.35882286,
-372.20734294,
-929.30161579,
1696.96329944,
680.00975001,
-1112.11071368,
1270.62164166,
1891.31125998,
83.54347050,
334.20048850,
-916.24582731,
239.29681033,
372.71279683,
200.62387918,
594.75513294,
348.12327548,
644.77294422,
63.51783711,
-84.94818389,
-1057.25432149,
396.12004592,
1143.81098412,
199.76622341,
1138.10061993,
327.78045482,
671.92196289,
-1118.69230710,
1221.04140176,
336.64431338,
1298.24454223,
714.99985931,
1186.28831507,
-2528.42540471,
-378.53499484,
-1031.78044435,
1765.36897818,
743.40181537,
-1247.43782500,
1393.97512818,
1993.55906671,
188.46927402,
330.27602747,
-1105.67758200,
160.97903960,
400.36273751,
249.84605243,
868.23929419,
375.30573849,
627.02674647,
15.00869989,
-46.58308105,
-1045.00726481,
396.58981088,
1282.80735890,
14.35652229,
1194.23246401,
354.28446154,
739.30268884,
-1253.62708783,
1254.37551620,
464.64275238,
1547.70757206,
710.64326551,
1316.92724830,
-2620.27973492,
-399.83401718,
-913.09989344,
1741.04033983,
669.32923539,
-1095.06697216,
1268.02149291,
1930.36319346,
81.13022362,
350.69622004,
-925.17127081,
244.20802387,
366.02833852,
192.45014574,
597.80660987,
348.86163325,
659.62737734,
71.77375053,
-71.51459913,
-1077.71213610,
392.14714396,
1147.18436047,
221.37935846,
1169.33272524,
343.68528445,
670.40554741,
-1107.48021796,
1257.87684067,
350.25827255,
1284.24450606,
727.11532201,
1199.90367397,
-2584.71711454,
-391.73979894,
-1055.36780194,
1765.72435246,
758.71246530,
-1255.90670029,
1374.09855707,
2012.41239636,
192.99511004,
292.83949873,
-1120.55749849,
152.96073797,
404.06192247,
247.43377479,
830.27713882,
406.81277434,
646.26948041,
52.93383108,
-27.23029079,
-1042.81412683,
407.53451236,
1296.40935265,
3.57229467,
1194.37330833,
346.96903103,
720.51743730,
-1260.09286875,
1248.55511602,
424.63070080,
1555.68678488,
733.15615978,
1333.18671195,
-2611.28253722,
-391.55338122,
-899.93523770,
1759.72354702,
682.68010139,
-1109.45143837,
1253.12832575,
1944.28858775,
62.69290458,
336.23941154,
-927.92523889,
259.30960979,
373.15502357,
182.78484535,
578.07437896,
351.85688820,
660.29470053,
87.87304867,
-81.84942327,
-1080.10017078,
386.14471675,
1164.57045140,
242.02469697,
1161.13854703,
344.76784005,
654.97525085,
-1121.06191790,
1259.75491471,
322.25369414,
1286.03173942,
749.12104742,
1210.67485532,
-2577.56895573,
-389.42131307,
-1052.91047956,
1777.66374106,
767.21887368,
-1258.47405228,
1350.93648173,
2033.52224060,
198.32330275,
267.45973317,
-1139.28130539,
147.04818972,
410.81991431,
241.14150650,
801.17139672,
423.75249330,
657.94450773,
91.55488449,
-2.46048671,
-1050.98877460,
417.46168393,
1302.30290216,
8.74735037,
1206.75325271,
342.19204582,
710.79248958,
-1262.65813577,
1250.15732658,
393.01156795,
1558.29211231,
752.50182429,
1346.70741907,
-2623.55034763,
-385.72560725,
-908.49555764,
1759.07962430,
657.09550277,
-1110.67837734,
1273.17533774,
1946.14359339,
56.17745597,
324.50115429,
-929.10323949,
281.58089083,
364.80011819,
192.30141038,
568.63177505,
353.61736713,
650.53950721,
98.78743916,
-101.85329336,
-1089.74028773,
396.01155146,
1162.69089494,
241.37957957,
1168.78532749,
341.65844595,
685.68534704,
-1126.97254079,
1264.35323528,
317.35086342,
1296.05814829,
761.35366894,
1189.24531586,
-2599.60472004,
-400.95727276,
-1049.08811765,
1775.67902577,
770.80502919,
-1256.22880786,
1359.26686691,
2033.84198866,
202.42325928,
273.27092653,
-1135.55823815,
155.37036676,
407.03698677,
252.61446102,
797.71457262,
434.46328876,
668.88457169,
87.72816557,
-2.24491187,
-1046.19127875,
415.67755954,
1305.57012332,
2.04413148,
1209.58997578,
350.61823896,
710.27757643,
-1259.35251617,
1253.48227465,
392.03965854,
1555.73023044,
750.61759000,
1344.89420644,
-2629.48361769,
-384.03279281,
-902.45709950,
1753.20162945,
669.11523762,
-1127.00226327,
1279.33640071,
1932.55130961,
52.08858864,
336.23795391,
-927.27194629,
288.40163472,
377.66441896,
198.07896263,
576.89879589,
353.82679989,
636.73018708,
104.19422596,
-104.08848559,
-1090.11034569,
394.51841985,
1155.58124368,
239.32876011,
1173.23488906,
345.63085185,
695.57739364,
-1133.22047356,
1276.63496315,
313.52947830,
1288.46443889,
763.36631219,
1185.64801682,
-2603.21730059,
-400.78969036,
-1058.12218952,
1743.95461527,
768.18189159,
-1238.90000881,
1333.36286591,
1972.95191766,
164.50117736,
323.18549489,
-1106.26648122,
182.60126883,
433.33541433,
228.15428556,
805.23940764,
414.64465263,
605.35738489,
88.16557908,
-6.85361908,
-1066.04505930,
403.34656125,
1253.59687001,
-28.84445387,
1156.30862413,
390.17632812,
697.73263331,
-1254.57402233,
1278.99231999,
401.08140495,
1512.10752250,
750.18789745,
1340.77621977,
-2625.04425388,
-365.93657705,
-881.64280395,
1694.22426792,
713.90302446,
-1144.91132063,
1313.27386083,
1938.14043026,
51.46027563,
322.65207469,
-917.40872495,
290.30868455,
379.66086039,
234.82727036,
554.21553193,
390.11904743,
640.55041119,
70.37272136,
-118.38314170,
-1106.10925024,
417.80075615,
1170.25468601,
183.65947533,
1148.17996058,
332.11172024,
700.31192514,
-1164.89199269,
1216.34932900,
276.36723056,
1323.87135742,
721.01923660,
1191.15141510,
-2577.72886061,
-382.38485670,
-1025.64884736,
1721.19132983,
713.43665847,
-1211.42029784,
1355.54415674,
1930.26007139,
152.20829928,
362.70613109,
-1006.71667394,
247.79847190,
403.87877561,
200.12025007,
813.59125457,
402.45080955,
595.28123717,
13.41874222,
-85.24464974,
-1088.33706610,
425.39948403,
1258.23073934,
36.58911178,
1141.98611372,
389.19833529,
712.75825052,
-1234.90110577,
1279.47133250,
405.01927525,
1469.71216186,
755.57936651,
1253.99920331,
-2602.38148157,
-400.65825650,
-926.10754952,
1681.33136223,
709.80946496,
-1132.66287523,
1281.11983982,
1926.13351332,
89.59194020,
306.37259726,
-953.05327414,
273.93525735,
384.59635174,
247.63782792,
570.07147653,
395.48602942,
625.58618227,
115.50449299,
-42.93763132,
-1105.95095874,
455.52569994,
1155.78940070,
145.48611654,
1196.14400826,
314.27774136,
720.27873042,
-1135.13960408,
1207.27062020,
256.38706341,
1332.53429852,
707.70522232,
1201.49740392,
-2614.37982613,
-401.63550230,
-1052.97342036,
1725.50742607,
714.10725452,
-1200.37117186,
1348.00130943,
1921.35303900,
160.67173073,
373.27849890,
-995.12806763,
225.73737434,
401.51462379,
194.38397779,
849.92470321,
378.01844436,
590.63070406,
-7.55945909,
-95.32994145,
-1071.03782995,
395.69503054,
1245.53858142,
56.58635304,
1146.77497755,
384.80455116,
709.25474105,
-1222.38757977,
1277.88237009,
434.46036294,
1447.27370725,
737.89362958,
1249.40688198,
-2568.49020595,
-398.55675460,
-954.02322514,
1670.01292454,
677.37637164,
-1121.88263311,
1311.53754749,
1895.24608692,
107.38227822,
350.18386497,
-923.42236076,
295.75107972,
369.08764291,
244.20297039,
651.33401226,
389.61811128,
614.55632624,
49.94340090,
-82.74214160,
-1085.59661507,
430.04087078,
1162.31462452,
126.05650254,
1177.18355663,
343.27618386,
721.75834903,
-1126.55430877,
1231.85006534,
316.33409926,
1340.76630949,
698.63549775,
1175.30043697,
-2595.81214997,
-407.87531757,
-1018.93750611,
1737.92609336,
710.27250125,
-1180.84634675,
1311.30641328,
1929.78066024,
165.96862499,
340.97734943,
-994.64113329,
192.22016005,
395.35576250,
141.60414735,
894.45944221,
359.64717884,
610.14726549,
5.11031964,
-113.71987854,
-1050.01602797,
363.45060670,
1278.09384891,
115.16241681,
1143.46260311,
376.20568680,
733.49293986,
-1214.24527654,
1259.17940016,
438.50469700,
1421.23279878,
771.82292476,
1226.64052626,
-2509.55424318,
-391.69535439,
-944.06188824,
1678.11702693,
637.21530155,
-1103.11679492,
1301.10958910,
1873.79498672,
135.37616853,
365.04579643,
-917.63689385,
300.03694088,
352.45219365,
220.28147941,
720.59716597,
380.19871266,
595.68314779,
27.35896615,
-83.74544420,
-1077.73985010,
429.86130122,
1169.27795148,
122.23737438,
1180.22331341,
354.60431916,
725.49701217,
-1114.00806165,
1249.64269048,
352.68369735,
1341.10815080,
710.34940427,
1154.95104230,
-2586.58211664,
-431.55360987,
-1009.50380590,
1756.67426843,
686.13775138,
-1153.01970315,
1309.61894292,
1966.08722690,
191.04071930,
297.72692725,
-1039.78232023,
185.41197200,
370.07227354,
175.28973814,
920.22163210,
353.49190794,
600.84373940,
9.14353435,
-113.33327527,
-1040.79690638,
344.17975673,
1293.96031860,
98.00206450,
1164.52790181,
361.37251689,
769.55218550,
-1223.30442599,
1225.13577705,
442.28445126,
1453.65235927,
744.16824235,
1222.84008815,
-2515.67419722,
-402.44443730,
-917.24692055,
1685.16118214,
623.95730504,
-1109.62655827,
1293.74700330,
1864.76345479,
149.27395146,
354.88489002,
-925.09153988,
285.64130106,
350.87550923,
204.78220592,
757.27801224,
371.98959568,
585.19290280,
20.32088947,
-89.87359485,
-1062.23669786,
422.35752388,
1183.76828434,
120.61906164,
1170.28186052,
351.04075864,
716.49307920,
-1120.57616589,
1250.68537653,
368.38848649,
1358.36017480,
720.93916641,
1151.77033518,
-2558.58992296,
-438.19641421,
-989.34223279,
1761.83289811,
693.17895775,
-1177.67674991,
1323.88221083,
1965.13466855,
175.93829355,
314.41851090,
-1031.15786520,
195.04122284,
372.10813650,
173.74195419,
897.41882464,
355.65584667,
610.86105019,
-1.81205910,
-115.24576738,
-1050.06128749,
363.36691786,
1298.25460973,
114.77373127,
1170.13488227,
357.08141316,
755.09530926,
-1223.79801109,
1229.73037195,
434.64029769,
1459.57879563,
751.37439672,
1229.12573831,
-2531.03210738,
-409.31269057,
-932.08915825,
1684.48734430,
635.40391217,
-1125.97519931,
1299.40433723,
1837.80325671,
126.34268120,
380.49560796,
-913.07869045,
294.63424796,
369.11093829,
207.48688710,
746.19469785,
345.27541343,
569.18521261,
12.83851330,
-102.93400637,
-1053.69081311,
414.96392268,
1170.15005004,
133.75493933,
1151.49017017,
355.45538649,
720.89588861,
-1132.93333998,
1251.50814707,
377.45099355,
1343.37282374,
720.57692764,
1156.51307739,
-2555.27876427,
-425.07959875,
-1011.62619001,
1758.48154540,
745.42010750,
-1228.45147123,
1315.56728584,
1936.61372971,
162.52392828,
370.06876224,
-1029.59144480,
184.33417058,
402.45955296,
165.99171893,
873.79850751,
366.69531798,
631.16724373,
3.49350343,
-69.34852164,
-1035.34976986,
385.47172377,
1300.42719182,
122.20072477,
1196.94465915,
376.24680765,
700.38436245,
-1199.01905855,
1252.37756591,
413.09141528,
1449.79372445,
772.24953911,
1277.49992064,
-2533.01391365,
-389.98098588,
-946.81148604,
1686.12375521,
651.13039419,
-1132.52289497,
1291.71973135,
1809.05285590,
109.99848755,
369.64977645,
-918.02804235,
287.54813308,
391.25529865,
215.50243303,
728.46414007,
307.23596137,
557.22942760,
39.01767346,
-107.21759155,
-1023.70569193,
391.07097958,
1173.01481702,
171.89665684,
1137.67989376,
352.40565632,
746.47937502,
-1142.46024367,
1224.31732033,
371.16666145,
1317.00990490,
725.43881488,
1158.89705169,
-2538.30063268,
-406.16011436,
-1025.47371164,
1775.29682716,
786.67556280,
-1251.88139797,
1309.60021857,
1929.11072493,
155.44669865,
388.98988744,
-1036.73505215,
175.61699777,
415.73036589,
202.90377246,
845.77992062,
367.92286966,
609.20799056,
-23.39812059,
-55.50328453,
-1028.80225402,
363.68089165,
1292.36799891,
98.15366792,
1174.35052537,
395.58927267,
634.24472662,
-1234.51942857,
1245.29822655,
417.05950294,
1434.19113335,
742.50107246,
1323.37360289,
-2517.72710972,
-373.82545465,
-934.84449346,
1658.90007896,
682.58568847,
-1148.48480353,
1303.08201965,
1839.51511756,
92.45984900,
344.80240454,
-922.72981908,
276.75381822,
395.11115524,
223.00376838,
668.94880520,
343.82564836,
569.74595784,
35.82438498,
-108.61134533,
-1064.25510910,
422.24466358,
1159.73004401,
141.54411470,
1131.67306009,
322.75563250,
723.91905178,
-1160.79946283,
1201.81539085,
326.11768682,
1347.00105108,
710.66263808,
1173.35619259,
-2530.88240214,
-393.22853600,
-1025.17652470,
1803.76964515,
823.60069438,
-1252.47766241,
1294.76210800,
1957.88535647,
167.69322601,
386.93531771,
-1062.14037976,
133.74061581,
421.88355167,
215.96810299,
840.54134787,
367.22692381,
613.65412794,
-26.82932131,
-34.63187834,
-1028.16290965,
334.90086445,
1301.23005139,
88.65457775,
1166.46130711,
414.44404954,
597.84044873,
-1259.44019580,
1235.67437787,
436.44671034,
1415.69839209,
727.34367396,
1367.07418487,
-2506.44916791,
-360.86368705,
-922.48804302,
1672.32371157,
693.12851967,
-1150.94695146,
1278.51994332,
1873.78799410,
97.12451196,
317.60745036,
-941.04723068,
272.97977869,
395.79461891,
207.75834834,
631.17153294,
373.43947284,
591.64313326,
71.51735224,
-81.23780421,
-1090.01293617,
443.60209528,
1179.42810509,
143.05756196,
1142.46555134,
324.26815260,
711.86143511,
-1164.89045727,
1201.78661864,
287.10660664,
1350.67521625,
742.96959217,
1192.38829031,
-2552.65228869,
-387.73805058,
-1026.03321419,
1796.54070464,
792.48894788,
-1242.75177583,
1326.64022281,
2001.74944390,
162.81753788,
336.94020463,
-1092.59602225,
109.61008186,
413.85697142,
192.53577458,
827.14079342,
374.42471320,
667.28285591,
4.78572513,
-23.27230602,
-1023.14644562,
363.75100282,
1290.41280740,
60.14639551,
1150.58289582,
360.06368307,
618.50304123,
-1238.69872700,
1253.90827039,
453.89919892,
1510.90536270,
724.04810259,
1369.76290819,
-2535.12318396,
-357.71408103,
-910.33093907,
1690.86995858,
725.95817941,
-1166.63047028,
1308.71264797,
1903.77247374,
57.38421453,
330.60413869,
-926.86411378,
285.36553590,
401.59482635,
219.14176933,
589.49816420,
374.02443994,
618.98208465,
54.31913618,
-123.35499546,
-1092.71397360,
417.54233226,
1190.71707341,
172.91510417,
1122.72685622,
338.10999227,
697.33634631,
-1186.47812405,
1205.05303302,
286.05157303,
1342.22329656,
737.26277620,
1204.76864610,
-2549.02594746,
-365.61810744,
-1016.42338242,
1790.45431828,
744.92077064,
-1201.86996415,
1347.05406317,
2051.96303732,
186.43526758,
263.71036600,
-1116.83425192,
106.98003330,
379.07735985,
206.22435751,
804.62548330,
404.41101195,
712.23444931,
22.25754428,
-23.39708524,
-1016.61710784,
372.55024746,
1286.13564947,
9.96184109,
1140.91162432,
319.49630685,
632.16440136,
-1225.71279602,
1246.40445770,
459.26097842,
1588.06654160,
704.65826214,
1357.80412149,
-2550.75105085,
-356.97540794,
-878.97027829,
1756.62799319,
692.55540241,
-1146.39875685,
1298.17560290,
1947.34004676,
60.75361038,
351.07618139,
-926.28034477,
288.23810718,
391.91907008,
181.62914160,
614.66418569,
362.34529610,
631.84630746,
67.79567663,
-112.49991872,
-1121.14663204,
414.57135928,
1187.13860091,
216.32084075,
1158.45406549,
350.87211833,
697.44075951,
-1168.91103879,
1274.73532124,
320.92827917,
1324.62588276,
770.59128084,
1211.00515469,
-2618.52944637,
-398.82901733,
-1067.66586012,
1800.30691030,
689.51854447,
-1218.20302514,
1359.11582003,
2010.67389816,
176.90527346,
307.42424919,
-1105.97529817,
110.22763102,
359.99773739,
199.71067104,
786.27874294,
374.34021622,
701.09866365,
20.07060563,
-62.06770702,
-1017.97025697,
354.35132512,
1263.20118927,
80.10080579,
1167.50907846,
343.03243724,
659.71184489,
-1217.16699309,
1262.00563518,
499.79765782,
1526.61176725,
753.75589876,
1316.15612352,
-2553.24939682,
-367.70913058,
-877.77977205,
1761.06433014,
696.32230455,
-1143.49664924,
1295.11504729,
1940.51729022,
60.18517312,
356.65860260,
-933.01402691,
290.38292215,
395.28276492,
189.30997600,
612.57386992,
363.14281862,
629.03607389,
73.52844691,
-106.44861130,
-1116.30846005,
406.70416227,
1185.62630708,
211.30314561,
1160.03369321,
361.87718888,
693.00634317,
-1169.06605316,
1278.48647303,
322.95933772,
1320.69973840,
767.34706121,
1215.21360620,
-2623.01589702,
-392.65333041,
-1063.38387801,
1799.63190665,
728.68026955,
-1210.56451954,
1336.40660340,
2047.88312932,
155.65870285,
266.07448124,
-1104.70913808,
105.46345508,
362.29582364,
241.96369379,
742.15986046,
356.20168588,
684.43453431,
100.88169000,
-26.46024068,
-985.48925168,
353.93349307,
1249.56159330,
88.60079209,
1176.69365607,
338.24607689,
679.24380582,
-1214.50113130,
1256.58884241,
467.17235037,
1464.14278719,
715.76297694,
1296.78519835,
-2568.25791696,
-405.99764569,
-854.34563456,
1756.14235154,
689.66987635,
-1138.94605852,
1285.73136143,
1933.37243012,
59.30884287,
354.77941710,
-923.87407565,
301.08025614,
391.89416116,
184.49456650,
613.45272217,
363.67459602,
624.67187828,
73.99259807,
-110.52733019,
-1114.19085303,
407.41832143,
1184.84823673,
222.27103107,
1162.18897107,
360.68137224,
693.34010047,
-1159.42589668,
1274.98337242,
309.88516324,
1311.89275555,
772.65459321,
1207.06244807,
-2612.26150210,
-392.19739705,
-1067.44356704,
1785.08747450,
713.31192584,
-1183.81823908,
1305.42091912,
2004.83575608,
183.25097999,
233.73377962,
-1109.07195103,
122.66467791,
363.09823069,
234.59153595,
812.97318572,
365.94117889,
659.65498704,
75.01604023,
-47.92047930,
-973.13486161,
320.87383445,
1252.83402318,
80.29828711,
1193.92229524,
308.93076864,
688.08410119,
-1193.09816974,
1226.39588605,
431.44772156,
1494.99050293,
709.00454721,
1288.23840086,
-2498.96609094,
-382.11841183,
-899.65152034,
1757.57415305,
687.69330752,
-1136.22998715,
1288.89605166,
1939.44054079,
67.35689380,
342.88784690,
-929.28180071,
298.67498763,
388.70264339,
189.11247114,
618.83709679,
365.03145384,
631.45780271,
74.04779557,
-113.22759897,
-1109.34348544,
404.68476871,
1188.58483980,
221.90689371,
1170.41991730,
353.42250110,
701.22007179,
-1158.82713555,
1273.18409000,
310.12129108,
1320.42766976,
770.23068101,
1203.44552772,
-2610.01993244,
-397.45557675,
-1072.88958661,
1760.68731992,
730.94101865,
-1193.42843518,
1285.67695322,
1947.90518570,
129.26879943,
312.62790157,
-1058.74118605,
176.12445083,
389.75757138,
211.31692091,
763.62789817,
364.16023719,
628.67441199,
65.57593760,
-42.13830067,
-1000.86919301,
342.09877172,
1233.71414597,
87.39608454,
1152.81940516,
364.98209318,
652.77587926,
-1185.89522590,
1247.10662889,
405.81852575,
1432.30461673,
733.15176679,
1289.78732699,
-2518.05250260,
-367.78609500,
-883.42589402,
1745.91213345,
691.59837654,
-1154.18852016,
1276.00762874,
1912.73926577,
49.54219209,
323.26835947,
-928.52994061,
277.20883800,
396.44730536,
180.11680372,
623.99307707,
329.79151730,
594.90572234,
85.23753524,
-121.30516505,
-1081.37172051,
396.18220217,
1178.59868021,
230.57022161,
1134.33944769,
334.46090630,
701.47043109,
-1177.55027595,
1249.55723017,
315.69220039,
1306.97691570,
768.55487690,
1191.85639413,
-2557.69423769,
-398.24947112,
-1049.39368708,
1758.54424055,
706.05864735,
-1187.18268993,
1310.29566521,
1958.05924818,
139.40409999,
304.28333201,
-1036.83594967,
186.55289014,
378.00098956,
199.55562468,
772.74525736,
370.14127841,
633.28502021,
52.18290206,
-78.96319162,
-1021.55442224,
353.32295521,
1239.89390139,
90.69480138,
1139.54727991,
362.07948486,
675.89499460,
-1204.18398755,
1257.43101229,
419.63515373,
1437.06818712,
746.70642741,
1264.08767646,
-2527.16692931,
-377.89548480,
-896.46850442,
1684.17843603,
690.68117593,
-1152.03634366,
1300.07264692,
1908.63148286,
47.68268593,
282.96952479,
-922.07291114,
255.03137741,
379.35491056,
204.13625927,
582.23565718,
350.07211577,
612.21511336,
73.57936841,
-141.77419439,
-1062.30295077,
395.82808879,
1160.84361150,
180.60072850,
1093.22472955,
302.91516438,
692.62761654,
-1181.80281779,
1203.58457749,
315.10455965,
1338.74836425,
729.25820498,
1169.53923621,
-2496.33653425,
-379.05754556,
-989.58451049,
1763.48781326,
722.08424150,
-1193.09689685,
1302.43285714,
1954.75229974,
144.63109669,
306.62244480,
-1045.81843954,
176.48580941,
389.87960608,
204.41388770,
787.55206468,
367.75561617,
624.06428576,
55.76522642,
-61.08613112,
-1012.35208344,
347.45786153,
1239.25151886,
82.16087779,
1145.64015427,
364.18905951,
661.56698983,
-1204.03261016,
1262.83911710,
418.28132018,
1439.75328550,
741.37765731,
1278.92414975,
-2520.68316969,
-378.38401789,
-899.72848681,
1690.85847361,
681.99892181,
-1123.66238769,
1270.12839246,
1885.08902205,
90.89715530,
315.02158473,
-925.15785505,
223.40687811,
376.86601151,
189.16390954,
637.02415508,
335.07459314,
621.69622110,
50.09093457,
-101.92006164,
-1049.07242806,
389.36998310,
1161.86383674,
189.58252765,
1122.40883647,
315.39857264,
680.04664271,
-1143.47183401,
1202.76573545,
344.70271258,
1315.43854590,
719.86831782,
1182.77396454,
-2490.57806426,
-380.41044459,
-1019.48893566,
1757.78163883,
715.20795472,
-1187.26365240,
1298.44383216,
1950.53639374,
140.21369306,
304.88775424,
-1044.94411376,
180.05480890,
391.67639324,
195.34505097,
790.93769213,
366.49755905,
621.46616794,
64.82888004,
-68.30614617,
-1013.99156015,
345.64769253,
1233.95854529,
82.46769229,
1140.96962863,
364.65250936,
669.77744860,
-1202.90693432,
1265.91240585,
418.09281318,
1436.55401177,
745.90238828,
1272.28009897,
-2519.52853912,
-376.82064099,
-895.65798943,
1680.99182986,
675.27810370,
-1116.56686519,
1265.55998738,
1876.50234415,
89.54198846,
315.89076147,
-924.06703200,
240.61120689,
375.93465505,
201.53985152,
621.55982645,
347.28151968,
620.21808294,
66.76970300,
-90.96816662,
-1039.95225433,
392.71895513,
1154.94162676,
169.98791567,
1115.59811879,
322.67328275,
677.04579395,
-1131.63150349,
1204.62499147,
332.10943007,
1316.54406520,
717.61717516,
1179.75509139,
-2496.94567614,
-378.74605424,
-996.29204082,
1759.80231496,
711.78012990,
-1201.91833546,
1293.27395933,
1922.52681905,
143.47316458,
296.38755075,
-1045.70078653,
174.46006056,
397.67923627,
194.79144201,
801.70112835,
341.45085749,
604.84512637,
69.30716252,
-73.76702927,
-972.35328632,
332.73395661,
1253.27664942,
98.46521245,
1117.91457022,
366.23118669,
680.02355339,
-1216.78808842,
1249.82801175,
427.92178086,
1430.23791148,
755.50732038,
1260.04443810,
-2490.10025335,
-378.81156899,
-876.67286327,
1663.22318669,
671.44129971,
-1097.60606912,
1278.67391930,
1878.32578128,
93.82184130,
314.91146477,
-898.27486381,
236.52879835,
389.19434932,
172.89156280,
625.37118447,
346.50323184,
620.97054988,
87.76181162,
-107.14057560,
-1061.33245240,
391.59923333,
1132.03130279,
157.56973248,
1082.87281011,
336.24262842,
707.50175348,
-1146.52163236,
1240.11377785,
364.66292730,
1291.41517303,
727.05989718,
1158.01005205,
-2515.84370890,
-372.68944006,
-1003.42421906,
1718.38502340,
667.65641971,
-1242.52322964,
1285.20475095,
1876.62333739,
227.38951439,
205.69051417,
-1054.95441814,
120.14787635,
377.57492382,
131.42536629,
967.73992333,
349.58360876,
550.38389548,
35.78578788,
-120.17054791,
-885.00249033,
320.46350965,
1320.54059312,
-7.44828875,
1010.37759397,
341.65370963,
638.59760614,
-1285.86201446,
1241.31224932,
501.68125657,
1529.93009714,
798.41867172,
1213.16087796,
-2305.82527465,
-404.91521361,
-715.00900065,
1607.50365850,
579.67921654,
-1044.30426624,
1307.62417378,
1838.58293423,
88.79286685,
331.03370632,
-704.28195865,
383.50833933,
375.36956868,
112.47309427,
534.22016446,
416.07576795,
612.03257903,
53.69727791,
-215.34723544,
-1178.54038092,
487.69261029,
1099.89583048,
181.25809240,
1014.81256148,
344.22653997,
704.66634224,
-1153.17229344,
1321.92676450,
308.95411105,
1221.65905505,
794.72933327,
1025.00971739,
-2556.87126403,
-419.10973454,
-1120.30628985,
1394.52396966,
469.45719015,
-1081.04820635,
1032.11396251,
1420.59674486,
350.23318830,
67.49628681,
-882.70492064,
57.37698674,
295.43216016,
51.10772789,
1068.93058379,
296.34694649,
392.54959962,
19.53248109,
-139.12357556,
-509.49786950,
200.32772948,
1227.43644886,
-122.35599139,
710.93253462,
309.08437708,
483.62152323,
-1132.93584671,
1044.59229776,
528.34268072,
1361.92494177,
760.94999226,
934.13510675,
-1655.13632899,
-362.48172970,
-356.00155282,
1209.50456522,
336.17076764,
-745.95500227,
1134.16386451,
1462.03099956,
102.62478117,
282.56979553,
-273.85429842,
469.30454318,
300.85689379,
-51.03159282,
372.44829424,
422.29417778,
528.01226789,
40.81178122,
-349.74553155,
-1111.85086844,
515.93461536,
841.84618418,
176.14428075,
706.40282560,
299.49771789,
645.75608797,
-951.18237184,
1245.37816573,
256.38993278,
882.25536746,
765.92154569,
604.35009787,
-2143.75137819,
-407.30026573,
-1070.75419298;
