-8.63873340,
-327.04871179,
-64.78867382,
-71.99319358,
80.14839894,
104.41575475,
-56.26097181,
-156.31807115,
-214.47508655,
-4.57304511,
-63.54444655,
-232.06578039,
-38.60679546,
-64.49636815,
-99.12426097,
3.70355178,
135.89150321,
-41.18853471,
-208.64555269,
90.28606468,
-244.30680251,
-19.44543639,
85.54237970,
-13.57849358,
185.14760462,
133.88763289,
-60.43698785,
160.90274458,
-59.76158762,
188.43205337,
24.28932399,
27.74813956,
-43.99677616,
-2.19067435,
30.50299392,
17.53817912,
-75.27094374,
-18.12116956,
-97.24108250,
-76.05526703,
18.70600837,
-50.81058315,
41.29124070,
9.54680467,
7.15023747,
-54.09192983,
44.60024814,
7.33843041,
-8.14483948,
12.64856386,
71.00922110,
-7.01132187,
41.18050773,
-60.67267188,
-72.51089231,
-56.24357279,
12.96845217,
8.04623961,
42.23990255,
11.49042921,
70.68075869,
-36.50323937,
-25.03671438,
-53.36416121,
461.15382544,
259.64044313,
324.58830615,
367.41070759,
-84.37035911,
14.05186808,
111.67094994,
42.62739036,
35.30334206,
-163.18894296,
-104.94234593,
-365.74563280,
531.91089092,
120.68557355,
407.28162752,
-90.69125631,
368.21436166,
-187.19729355,
404.97047057,
-32.49401294,
-248.33801219,
-55.38940906,
-181.69262070,
62.55855841,
-62.89951088,
-296.00192362,
4.73728244,
29.96581990,
-328.79659575,
55.19692484,
18.69418904,
69.80487318,
-77.41953573,
-100.58859104,
-5.57559593,
25.13100549,
39.89447679,
105.31388678,
118.19614328,
22.62887583,
-0.64464853,
86.33160623,
130.02214311,
93.02057331,
93.19887771,
2.25824084,
2.56977278,
-14.17004039,
75.03597744,
60.69793801,
-43.22537215,
-30.54012289,
-141.55170859,
57.87960166,
99.26281836,
43.73087993,
-163.87197907,
-73.90145377,
-29.59090552,
50.43861424,
59.33425676,
-94.03855569,
66.86494038,
-149.59676025,
221.65969252,
237.80935461,
-250.00203861,
-242.99642762,
99.61356532,
320.25757337,
73.33652609,
269.18753955,
203.02636100,
-10.85021367,
39.81629084,
-315.12300942,
-142.86738883,
431.29005173,
112.26259547,
-195.45380085,
93.44429310,
-269.25576639,
-102.59620372,
-467.53871037,
318.12275423,
-110.74630534,
12.61319210,
-98.41594622,
-44.32218383,
42.37186371,
255.30653473,
-136.86478719,
-422.36994319,
354.95925293,
-223.49003145,
-165.82646762,
39.98517643,
2.75186721,
-18.88697990,
100.66493160,
39.92699194,
93.11909094,
61.19967223,
-32.67028038,
57.12675886,
93.44391598,
-86.53172018,
48.00869502,
146.63874450,
145.24268259,
-71.78895670,
-90.62276333,
112.38102290,
-57.06141379,
3.69874239,
-50.92820060,
-134.62017724,
-58.21314210,
25.53846519,
25.88089455,
115.18687855,
-176.41140241,
-96.14657538,
176.88315019,
19.91093734,
-50.19126832,
-46.88233835,
126.62602635,
291.02133034,
66.21950109,
-69.25643518,
-37.45688992,
-53.68097963,
-129.72069450,
135.16178059,
114.68906285,
-78.47365409,
92.01892891,
22.21292653,
164.23267826,
-318.62411834,
-42.31119393,
-202.08810948,
-24.34605195,
-19.09442966,
119.64968780,
61.91575618,
-28.70587480,
51.26467929,
175.65639073,
-207.53558546,
192.04725066,
242.21584407,
564.82684892,
-160.67948015,
90.16421541,
329.54067962,
-35.38996986,
-134.91049243,
-40.90932659,
-64.80940706,
24.96403577,
-0.53765769,
21.31736571,
-213.67224893,
-132.51544412,
149.81110718,
21.35572925,
-76.35389781,
-70.81468906,
130.47820265,
-98.37974075,
129.24277721,
190.69028063,
-57.47411283,
-62.46137804,
-43.04307767,
38.92173871,
0.50985162,
72.12698858,
-157.36146797,
61.10247739,
-59.93328401,
139.79931892,
-114.26407945,
46.33874710,
21.88426435,
-74.02340260,
6.14697547,
58.13653884,
-19.97498409,
-54.03708307,
221.78244245,
45.34318436,
102.98550852,
288.30344475,
93.64036799,
139.07175493,
116.12752355,
-1.34488315,
-135.56753720,
7.05836033,
-35.27632131,
219.67777164,
-61.76514976,
54.28557726,
-396.03765883,
292.09566561,
447.92487393,
12.94712675,
59.12083283,
71.86309540,
97.10794934,
-270.29989672,
343.67603864,
-5.25746343,
-377.64515551,
288.74104121,
64.34199354,
54.63524364,
173.40676429,
57.41711374,
-293.36652385,
301.61461038,
-4.94863554,
-42.28062209,
-189.30288619,
-83.48730482,
42.56267042,
78.22716660,
-11.70173949,
102.93886231,
72.19097644,
-50.13530733,
67.52767205,
92.44343787,
92.84411251,
-173.83321433,
-55.44256370,
-46.45900106,
-47.25814217,
-50.93998761,
61.00021520,
15.84967364,
85.79517830,
90.84532326,
-4.40995895,
-3.45658982,
47.40401465,
-74.37551068,
-21.63368294,
41.76005222,
37.79729805,
-104.66394207,
-89.23271021,
37.80038889,
669.62599421,
38.14428208,
-317.53188199,
-1118.78902630,
-835.45818411,
183.51147144,
-249.03716480,
-373.34891029,
375.40280610,
-365.20304462,
-432.35248669,
-699.59102189,
-50.72211634,
-327.92532036,
-412.89479723,
-91.45224032,
-64.57470218,
-381.64135924,
-156.32040016,
420.72193897,
893.74318846,
-373.52082529,
281.81913964,
642.74645875,
21.67576060,
-1245.66803583,
-1069.77958696,
103.71301887,
28.04333162,
-246.82830514,
-247.94671480,
-325.05145002,
-9.62109461,
28.14733646,
69.76167225,
-2.20773510,
-71.70413052,
-98.00835877,
16.21393484,
152.13316378,
-57.37909442,
73.91682861,
-18.14258305,
-11.21669436,
8.21761307,
121.38406438,
-138.00732770,
-73.21496672,
-23.07767556,
-8.99605346,
-21.89527390,
37.15995181,
10.97395000,
68.72214383,
-12.95078768,
-34.34276025,
-71.15796567,
-49.81493863,
-4.00786343,
134.28152799,
-33.55410771,
-115.40977538,
24.79184617,
19.43554571,
-685.77199148,
839.62846303,
399.44485668,
-628.65391332,
-1848.52106640,
145.32485870,
955.40107776,
940.25132742,
468.69858671,
1120.61299878,
6.65083057,
668.18262375,
187.18230397,
-797.27114894,
-405.23266549,
-351.26566347,
-555.70258209,
-230.10744162,
-1386.61530731,
-1143.50873543,
-130.48182742,
99.43585758,
1512.85656128,
-453.40941994,
-908.64798871,
-866.81480241,
209.81320277,
173.41783801,
297.44282460,
-51.69707917,
-714.55597481,
-713.41209893,
371.44845037,
-5.70260193,
-138.61227343,
51.66712339,
-312.26371803,
-292.15463710,
-213.16289422,
199.98890627,
434.28723379,
138.59260881,
-226.55826200,
257.84017419,
-625.83791367,
-154.26610700,
-96.35466084,
231.27562917,
-247.74514619,
-6.59321141,
129.02304770,
-59.17265180,
75.69258020,
-274.81996242,
-532.70208338,
-110.67249170,
140.69292481,
171.55284432,
225.22165725,
-662.44797702,
159.70852502,
155.65885228,
149.80587274,
130.71875861,
-553.11600230,
822.38217326,
-204.42778621,
260.73014740,
231.64417942,
1374.41323930,
1160.15035674,
-428.46548832,
-938.40539480,
1240.97935334,
-1609.54557497,
-335.93948278,
-136.28587494,
-652.40154648,
-632.08150273,
963.22312305,
858.84015228,
-75.65821491,
428.45954881,
-577.71274270,
-410.62391646,
365.48751404,
-950.27433421,
-903.28363556,
-338.74615774,
-1048.14692896,
432.91966043,
-200.85924524,
-639.73935561,
1459.89989332,
367.51515097,
650.98671633,
-177.88925284,
-418.94190076,
-128.67606464,
-75.38272208,
-138.67157140,
-38.48315124,
288.29530050,
-163.97548636,
-290.85506237,
50.74961480,
968.24597759,
627.37414927,
261.04757885,
-422.36604281,
-1197.60803837,
-644.34052578,
-1115.89576645,
-362.58062180,
-635.52953038,
471.84878555,
-913.79263259,
255.04982337,
-239.16799154,
360.23428852,
-28.73863048,
243.64691665,
-195.03901024,
-1331.60787804,
-215.47993298,
1213.09815276,
-879.25699117,
688.61568554,
-304.91340972,
127.14236467,
-1354.07947319,
97.33059443,
-170.60719446,
-524.49080641,
101.33307446,
443.21279511,
-795.97765767,
100.59008510,
-248.48812853,
-589.20581933,
-656.60792803,
547.65079242,
-396.83349801,
557.79343418,
1183.60633488,
-103.95900801,
315.06915307,
220.03257351,
703.28749880,
748.08301482,
1243.28122781,
-1218.33368385,
305.11955037,
32.21730361,
62.09861327,
1086.85460407,
5.06282925,
-364.56650430,
180.83108534,
-399.01040232,
362.16159565,
319.95635034,
-538.30852824,
-801.66122277,
-816.06197588,
990.19788830,
654.07951724,
-26.39966663,
-446.85460924,
-101.60130713,
-448.04190139,
338.06811182,
213.80297062,
1465.28367128,
-894.80342283,
-53.83204654,
-238.10576907,
-234.60859037,
-817.33935558,
-481.97667920,
1196.99297745,
243.48994633,
-733.62217440,
-277.62334283,
-405.82544839,
-186.89735854,
166.92010366,
-76.21798566,
177.26562519,
56.01959141,
1135.24564915,
49.22549983,
-814.60840125,
-83.47441444,
466.70612730,
209.35571805,
1010.08385993,
41.40264199,
-1349.09582491,
1076.04583696,
-368.16839523,
-368.02274662,
-556.12679056,
781.75027611,
-481.16239393,
-375.18453136,
394.71940214,
593.46277865,
-434.75895014,
-1297.84669861,
182.88275155,
1356.47602745,
1463.04933219,
985.50352315,
325.78963946,
487.75311574,
-103.15212631,
1730.95524499,
-1359.86974370,
-849.40550367,
436.34777191,
572.17372842,
-233.82551930,
757.32088426,
-22.34853942,
-773.41943845,
1594.00393295,
-562.34112335,
1514.81324108,
366.79231830,
-603.72490642,
-718.86724424,
1440.62703883,
-618.11789793,
1073.32404533,
67.38048988,
-470.47422184,
299.32795541,
271.76728356,
518.12937639,
429.54298676,
-27.25049247,
269.37576214,
-87.62032168,
449.82376025,
25.15232483,
-23.31676662,
-189.04321970,
1273.89482104,
-219.15342248,
1275.28580602,
-793.40279175,
968.22006704,
435.94558609,
114.95464560,
-212.97061835,
765.05201599,
699.15565674,
643.35800745,
537.50523484,
-665.20512009,
-422.42501698,
-132.90099364,
682.93008253,
1121.80305941,
-246.07239239,
-84.51891648,
-129.97600109,
87.98499052,
-782.57908650,
-165.77942140,
1325.78915572,
494.45287384,
-69.87680406,
44.28349195,
439.89932736,
-1304.95422880,
-185.55999637,
-260.30127393,
-285.32393550,
145.44135235,
-476.23133591,
-1398.51759844,
-279.43185210,
-31.74811109,
-38.24853714,
1628.22568003,
621.37045350,
-1348.55154258,
-908.58580416,
-1452.12432862,
-1281.34166244,
-705.79877306,
318.39073122,
1624.07583501,
-393.74400718,
1367.48491022,
-424.73272874,
-570.21789141,
-316.78947620,
-183.63832669,
-609.47891149,
-790.50370049,
-1180.47057226,
-879.65466561,
-587.37595726,
744.54169008,
-2.84269434,
-1206.99661197,
-1159.28729380,
249.84995711,
1176.72788211,
658.93700199,
107.96969241,
-464.20191936,
-60.72989788,
-254.36660372,
-28.36417645,
-410.66434853,
176.63591794,
493.96966568,
-480.80548064,
-403.00733326,
-135.65013289,
4.92639096,
-82.67055169,
-152.06795656,
-202.05868198,
-889.47804588,
458.23697774,
830.55388998,
-42.71074533,
1649.63823894,
123.79324581,
-1388.87247386,
353.24779108,
-177.54337579,
-634.05017069,
581.23908419,
-1639.01936201,
622.05683687,
144.97725161,
-122.25355778,
315.88964061,
976.34410470,
1814.79054356,
-761.10383051,
-885.77904766,
-1237.39174795,
1064.63305465,
-722.34885816,
-580.60177914,
634.38479173,
-109.74591078,
-331.65088008,
-788.26697318,
-210.31133455,
901.56418486,
525.25350684,
-528.02136045,
914.91471810,
-211.34603039,
514.79143714,
-180.02474451,
-532.30809352,
-949.34616987,
-233.81871494,
-1046.36229273,
351.80801265,
-264.56427971,
549.00286679,
654.43159651,
-649.62326794,
236.87570076,
-531.44343725,
17.49334379,
-102.43298183,
-147.08322321,
-1321.84132251,
346.96230716,
-1195.56329825,
281.06833786,
663.48661395,
1130.06846574,
-166.60866533,
817.85571829,
-949.20740083,
-721.80036265,
85.44309870,
-209.31443807,
956.86675336,
317.91943381,
-300.07827395,
874.27025289,
-202.22153866,
-607.91893579,
175.39322747,
-608.82697931,
-9.23339408,
-510.17416642,
-337.26962845,
255.34438691,
181.92688490,
114.98096210,
938.10302957,
228.71411901,
161.06168764,
77.28409484,
-25.77917230,
342.13866895,
964.47267618,
-711.84717096,
190.52668038,
-127.94693499,
-123.95240696,
90.04851006,
-587.57046619,
100.41683596,
183.49637988,
1083.10393176,
1319.39753932,
73.76398202,
1053.31027481,
781.01129095,
326.47705545,
730.90535454,
-183.84516028,
207.38468357,
24.86441433,
-58.02827453,
-20.51522842,
-23.47348295,
-42.99835283,
134.69868672,
479.12122788,
336.80873229,
48.74686362,
-1697.02100592,
-325.49237699,
425.85721431,
-230.44187646,
-54.65019580,
-152.45481217,
-520.88691323,
-476.54469700,
85.95253739,
311.81997541,
216.60290792,
-404.47244627,
-723.69057054,
1.93007932,
-1002.48732576,
-764.34190110,
416.67003765,
-969.54888585,
-172.02392877,
-31.36598395,
-713.44381628,
-777.78589648,
1115.29997789,
-443.72372076,
-388.50166295,
26.88533619,
600.06859853,
394.75127999,
274.23974151,
135.76423790,
-888.32431336,
178.45982488,
-14.49494959,
-172.42148339,
1485.31303402,
427.05251498,
216.76808812,
-203.69058032,
-708.21156988,
758.17987989,
572.53990134,
-1049.21214604,
794.56908261,
-133.97305706,
471.10659334,
518.71505676,
455.31772881,
-178.08830441,
-4.53078139,
241.66822877,
289.20387147,
-679.44097790,
-133.94744683,
269.25660268,
-581.10028647,
147.27853638,
211.19973575,
212.31654365,
-559.35486987,
183.13984147,
523.78335299,
-1149.27573429,
362.28903035,
175.26732977,
-324.34414742,
187.13989165,
503.23656408,
452.26924883,
341.02172519,
-622.62892920,
846.25629847,
89.48235960,
487.86320831,
-37.33503883,
1652.89890484,
526.22234377,
69.42273248,
226.64849574,
-880.55264482,
-214.94632285,
-294.34110887,
565.71939177,
-184.14657047,
751.19110165,
-641.61154736,
-500.54372011,
-260.62091351,
289.21890769,
186.17298111,
200.88291568,
-216.91167522,
284.22739604,
224.62733638,
-49.53274212,
150.36453688,
367.50699528,
402.37893912,
-459.19309194,
476.06989603,
337.06735267,
46.90664035,
338.51594259,
-394.22998148,
430.07434213,
849.11649266,
-1014.01678706,
-454.59451907,
900.38365875,
-48.57869704,
777.63028563,
-350.08064648,
612.20201803,
287.68769125,
-168.16473201,
398.89834497,
-272.72727006,
-82.09508394,
-221.62375991,
-453.03040552,
423.41142543,
-877.64954036,
-1008.88752378,
135.07911398,
282.96032662,
-282.33316087,
1006.11324107,
-529.50204937,
302.79633867,
-249.28829716,
345.77145939,
-122.54783603,
-570.56471007,
-318.64701036,
-388.14385083,
-463.81909983,
188.91554572,
28.17563707,
-912.52446614,
-87.02578732,
-1726.08453961,
-397.82954430,
237.55151363,
771.47157200,
-114.15526557,
-451.50585528,
379.96585057,
-72.68570751,
-916.80678165,
777.11652724,
-801.88110527,
1109.31787804,
-354.56480060,
-431.90733187,
-917.53497307,
362.71662138,
1722.35613265,
271.87241583,
-175.60264367,
-19.73164795,
320.65311615,
214.08309764,
896.85400203,
-470.65284304,
651.61288455,
793.09029613,
-165.87357729,
-725.95841067,
-221.81108010,
-14.33612549,
872.64925348,
500.99770679,
888.51252698,
-130.61409665,
886.94310962,
-611.34302862,
-251.54096118,
-24.86694943,
-1376.03387319,
-795.87983742,
273.96490226,
-41.33949353,
144.52372362,
-34.51050552,
403.06960916,
-513.86975929,
1008.70950727,
-529.61790650,
342.63733877,
300.85606811,
329.41504730,
128.72271641,
128.00295999,
-121.06077189,
-1041.69549324,
-876.57920175,
-1372.19334901,
1232.54619093,
-252.41544379,
608.26661975,
41.49078303,
-186.64807138,
689.26100101,
463.29572872,
57.49943378,
262.02750954,
465.79961945,
543.92368413,
1564.77687062,
-17.10235176,
-305.30874454,
-672.82327299,
-133.65782458,
589.68012257,
599.01672438,
-390.48404180,
-146.73446958,
-132.91569143,
522.50220140,
-239.50006083,
1032.59042740,
-386.01609149,
126.02434490,
955.98572157,
165.96792932,
-372.08091596,
31.29116431,
-34.44813320,
518.30863340,
260.30352100,
366.14185780,
-537.05860878,
-330.52031727,
-292.49923542,
718.17097486,
-505.88580158,
-158.95739732,
-545.85232353,
332.94692093,
549.06035493,
-478.44756421,
114.19384437,
-819.86731479,
528.94791652,
430.08994255,
475.46989412,
-778.19810573,
122.59942501,
111.06004516,
218.41492754,
779.00003929,
-61.43301576,
886.95669612,
-6.75398872,
-413.28938420,
-115.64244954,
-1154.22904621,
417.98832800,
719.34260610,
753.46464618,
981.90009211,
1241.60630739,
-218.33473193,
-191.69679937,
122.82225803,
-198.64741108,
-28.62154802,
-616.53121418,
288.41773415,
-1093.30350227,
-166.86813005,
-334.82164397,
-615.47219976,
910.89381449,
-149.68675658,
13.48526924,
914.15995036,
-1757.18658423,
283.08963983,
535.95850144,
-204.71904399,
355.02987073,
-220.07330708,
-1672.63958753,
76.26897237,
451.95255460,
-1362.43287845,
-146.26821706,
874.21105569,
53.18973419,
67.08734396,
374.23114505,
-404.19658393,
453.32066269,
-449.67274328,
-872.21080086,
391.09808971,
-147.76098956,
-152.23386132,
-693.73090409,
-1207.80736656,
-1292.14623680,
84.19339936,
-66.90767211,
-843.68640896,
-239.40911641,
-905.12878571,
-234.91295186,
-872.32054468,
247.60138003,
745.74008760,
-132.45581216,
561.96055649,
1474.21913569,
-336.73738247,
-338.44077237,
1370.47203605,
12.01688877,
1232.23335502,
618.67151507,
-494.88971127,
796.27428058,
-1394.32220835,
392.93738524,
147.48676194,
-561.57727339,
-4.48875880,
-528.80717404,
-137.83682296,
-14.87858658,
213.81495093,
792.94330266,
-22.58381767,
-107.61712778,
321.32662208,
277.80367416,
-1486.80794272,
370.04566013,
-759.85151396,
-161.32698063,
-427.72824920,
-23.25003009,
-374.25423779,
-131.18587051,
746.32541581,
-114.65639577,
-210.98199569,
-357.20105613,
290.23406409,
698.52362399,
-715.01401166,
-139.40032339,
1376.09968057,
-536.62915779,
-1322.11609726,
-1523.65467941,
-746.95580292,
-1282.87210688,
203.67246237,
435.88621049,
-191.85158389,
3.17945903,
-33.90479331,
-313.00002861,
-567.15569162,
-401.82474705,
439.73127200,
306.32346604,
-516.49403142,
64.55853475,
157.22421033,
476.51608208,
677.54331954,
201.04386643,
89.86145194,
-276.63225709,
1099.05427766,
284.03665504,
23.78604985,
-453.69384399,
-320.59932976,
-158.55706062,
-54.60123823,
-357.36462315,
-113.30489324,
-155.82518967,
751.39857080,
-19.48861701,
40.84378665,
-605.42761702,
-923.50546863,
-1044.67248153,
-108.69635304,
-88.24337533,
-284.92348300,
1008.10223432,
-7.10849024,
187.59028955,
455.67693096,
-200.78976098,
-108.06979015,
-300.48820607,
-1163.97189124,
-1003.77930250,
791.47503752,
993.97736729,
1246.27553032,
617.78043079,
7.73282135,
-433.36184628,
-329.08368069,
-421.88066170,
622.40682278,
-806.37424317,
60.73381667,
422.22591068,
247.06731515,
167.89832685,
728.84722242,
-451.36121579,
-587.13826732,
-215.61584730,
-125.17746084,
617.64094523,
-101.56200940,
-549.50967746,
1393.57886618,
335.74572740,
-234.63162938,
164.04901821,
487.85510636,
-416.23945279,
-392.16290266,
433.98815321,
-93.37185971,
-713.10387820,
-147.93126350,
-726.46809264,
1266.86296534,
-177.84487272,
87.62500444,
507.32282901,
-331.78556471,
322.56274634,
-347.46169498,
-176.05443875,
-385.24602930,
457.85270192,
-38.36058185,
239.03076800,
-441.04547747,
31.67919841,
57.11459483,
578.02988725,
-146.30453244,
-816.70766424,
-935.57157172,
86.90105854,
911.79381615,
475.10306375,
-16.91279286,
1409.71060436,
242.01156629,
631.61748713,
-466.54908847,
174.35902603,
57.79371931,
465.66875791,
690.94502796,
-575.55326232,
-86.61147536,
-1031.60122104,
5.07631036,
-681.82458760,
-321.92957375,
202.93513864,
-603.91002301,
-1503.31781213,
-923.01493275,
-1004.30951216,
-410.34787611,
-69.27225174,
-312.72631103,
542.17251826,
1230.24688223,
-542.50227609,
969.36021289,
-811.27768357,
-103.32877783,
1596.28931271,
1633.91077639,
55.91408601,
-1209.24596048,
6.22791560,
-237.19674999,
378.99875386,
-1170.94720710,
407.89393659,
-132.91827234,
714.84657192,
-11.54603898,
-1237.81464045,
-310.04211069,
291.72827372,
906.32275215,
-725.91546765,
213.64672703,
-460.46177740,
-380.36372171,
167.00218810,
-730.75291271,
325.92462140,
777.10576249,
-946.20565249,
206.57347550,
-33.29931371,
-44.87902424,
-15.11710848,
-1111.93243570,
-1124.09749539,
-275.62204921,
348.37507634,
-72.27374908,
816.67648467,
-575.20174197,
-696.87085826,
-55.53485312,
1846.78131560,
794.70239033,
-620.64986957,
-472.08024586,
-150.74386011,
-170.82343054,
633.35620654,
-386.88988119,
-90.72530163,
993.72165360,
226.99434224,
-363.32145701,
-496.31405314,
-321.36823353,
306.44295476,
-303.23572354,
-310.42332331,
-938.93793875,
-225.35334659,
-353.73024298,
-388.25931457,
-1208.77600167,
-474.51163660,
1244.20716508,
-936.44393958,
477.65133122,
-538.85979545,
-1458.32740525,
-28.97256526,
-264.44180776,
-240.19831011,
-98.28520264,
-202.02968067,
-354.37484807,
974.98579234,
1445.86041773,
1305.71116042,
-437.40766133,
218.67519647,
-1917.25287252,
182.12600251,
-982.40486156,
-202.82666113,
615.24914027,
511.67147782,
320.27064033,
331.14601432,
327.85103724,
661.35710048,
-268.05817265,
-429.02831175,
137.21149667,
-378.36033138,
-1274.74834916,
-884.20662623,
-583.77558482,
284.52835721,
-1271.06658768,
1226.08536807,
662.05526087,
-494.55891569,
-23.77102278,
4.70863212,
-1398.18441707,
-547.02324987,
790.53426037,
-1318.70326035,
-957.10581715,
-32.21374773,
131.93941338,
616.11451810,
-476.38071705,
-139.26798586,
-160.18695780,
305.03049688,
389.76119246,
141.79353456,
-231.83210785,
407.79694469,
56.36950740,
-726.40475560,
-1138.68821474,
-560.21125593,
-662.20446109,
-134.54385689,
-712.54831607,
35.15853760,
380.83582363,
-254.30821262,
-1200.71728059,
43.97511084,
1180.04999859,
902.09957834,
318.48845232,
187.14649123,
381.46255248,
614.29462090,
327.67295647,
213.97266866,
-47.53785869,
-463.89308422,
64.64863092,
-1767.01579948,
-281.81745641,
401.28741423,
-1005.81530022,
1099.59695662,
567.84796035,
-1034.00069297,
-1625.61555899,
-829.36830874,
-818.13457050,
151.20967397,
319.60167554,
-109.21937278,
607.13243907,
141.51689398,
-491.95836268,
-624.58776976,
-758.45856646,
891.80196544,
-776.99086043,
-1600.71732661,
-315.92631259,
527.36892040,
187.56646263,
1001.56917961,
-660.35258569,
-325.57427458,
-999.73182032,
339.57654298,
550.00263126,
-397.23208876,
-209.80905146,
742.18461551,
415.86735282,
1382.21278763,
715.06936843,
410.17443650,
-680.45851934,
481.70013792,
-397.30043560,
-407.66515317,
243.89510570,
566.44403241,
-908.95589550,
195.17530488,
307.40873441,
-168.25644404,
64.63354758,
301.06904076,
414.15285325,
-497.54861345,
154.91536110,
347.75458460,
231.25666734,
-498.09419298,
-1014.31578935,
-533.16062306,
-623.82730698,
290.37349327,
-724.86837124,
-1051.51346865,
546.38310429,
-1211.42301385,
-380.21284864,
670.65604621,
-329.11202822,
364.99441187,
-188.98893236,
-763.96116633,
-686.83885945,
-209.02011000,
-18.21834237,
-263.42466592,
216.79570667,
-422.48379945,
675.77509721,
-134.76715562,
-811.02312969,
758.70078860,
-11.95435737,
-79.21865592,
750.96288905,
212.27706740,
-1285.20702800,
-196.30150558,
-322.31231823,
-1005.05956557,
-906.38795834,
654.58234531,
632.29000136,
77.33087543,
42.91679477,
-419.88247341,
-564.85776315,
-86.62264825,
-958.74549821,
189.20010865,
-538.92874240,
249.60718866,
-789.30100635,
-343.05487861,
274.08074817,
538.79496921,
-652.75278765,
833.01366093,
-413.04523496,
1538.81347630,
1037.50685550,
-69.72822809,
565.67418292,
-29.12792427,
261.83277125,
-1.81003278,
-929.34174678,
480.03018541,
-25.12264817,
-680.05347809,
-311.09054391,
-760.70486048,
621.02720715,
-530.97803961,
-961.36973590,
797.37151521,
769.85757762,
-375.50709194,
-132.13797261,
-857.90182074,
367.30427144,
160.05612339,
827.85211553,
917.23484041,
636.63250361,
85.93622639,
-301.49572935,
-1281.74748671,
-191.57156546,
-556.17932446,
562.52159834,
-301.09745099,
-340.71862736,
-375.61813987,
442.74820215,
779.18430410,
907.35526769,
-1084.21027161,
-202.97541568,
411.41163299,
813.04185550,
-413.97567629,
-330.19583670,
739.04266376,
-622.98213951,
-113.12093864,
-54.51587468,
-397.82408791,
47.83097884,
-227.59265069,
-201.40497944,
-233.29893688,
366.05833281,
182.71429295,
-39.14912324,
596.45952948,
357.93860820,
-563.83173542,
-16.40632313,
-190.95282369,
40.20311275,
229.19876497,
-207.13238632,
-412.08682057,
287.04022682,
-306.79265009,
312.28194817,
67.00413558,
286.72706112,
74.73918743,
98.40005234,
-158.23822955,
-146.68500449,
297.66124004,
255.34160305,
79.91981020,
-2045.69659069,
-327.76429163,
661.66918185,
-651.03758331,
532.12705591,
-250.67414894,
469.42276594,
-1599.18567587,
-212.67455185,
-705.47287837,
-1625.95378746,
1010.26573422,
-170.62256216,
285.38522614,
452.23721249,
675.64247236,
-601.03610080,
-889.57513110,
-503.24242908,
-1543.74977172,
-56.92642191,
-317.79932957,
-296.76456491,
225.38164996,
-271.57576035,
-1549.97154000,
565.63922842,
123.65351950,
1973.73925388,
-658.49054819,
73.95434841,
402.92427239,
-292.95028446,
-228.50006861,
84.10024593,
117.24935267,
-120.96738830,
69.28036694,
49.72592601,
-138.59227405,
384.48904454,
156.52935860,
-216.64084126,
62.64896751,
101.58839676,
-283.84746873,
-395.59788936,
53.64734822,
-69.59882225,
-8.39972895,
184.14711870,
109.09530890,
-445.73585754,
243.61817651,
8.32366806,
-271.62928576,
-11.46216511,
-69.00188796,
4.64826563,
283.79840955,
72.24942125,
260.35691600,
-96.86016533,
19.63755833,
-121.82113906,
295.07507926,
-155.36659283,
-83.46015175,
508.30440091,
-731.01471536,
-258.96752463,
4.14313455,
-245.02083272,
-486.14937870,
45.75976406,
-313.19616638,
1042.99077280,
565.28144292,
-38.49329922,
-171.57546504,
-816.22613669,
461.76220249,
-282.48274704,
-440.71840637,
-265.86958034,
586.93425517,
406.95545157,
-90.08256206,
-155.50842450,
-426.36787824,
407.69987966,
-358.33037921,
560.81439313,
-359.03623006,
-210.74453798,
-213.72001586,
109.89753141,
68.31833406,
-49.88905702,
86.40943923,
-202.19952960,
63.06022706,
156.50075002,
-61.47499094,
67.94657927,
11.31668438,
397.14632636,
260.50773690,
-334.39091528,
154.35085569,
-187.13578913,
-6.15774369,
349.22197766,
6.89482144,
74.58903751,
403.33441704,
182.17665425,
-11.70395384,
-7.17047435,
160.65226593,
91.31089701,
-278.87539194,
168.15637498,
-179.70729001,
-34.99338464,
226.63338116,
-91.88221952,
87.35161732,
-11.61959912,
-24.44884473,
-58.82953908,
-126.89284163,
-46.32229945,
103.34723473,
66.79068001,
96.99292150,
18.57113220,
-115.31805668,
-45.90422228,
-20.94833336,
-42.70617592,
-50.78709257,
-20.27162096,
17.93439087,
-84.03277813,
3.14095463,
162.82013939,
25.61261812,
221.56186815,
-113.15055728,
-0.68500175,
-32.00198471,
-12.59856631,
68.14329739,
-148.88225091,
77.98808505,
24.02516563,
124.57934917,
-9.68692007,
-91.15023635,
-435.86343452,
19.10983531,
168.25672877,
-70.18303776,
205.68475107,
34.83841422,
45.63142045,
-235.22729287,
-353.75716489,
-178.39544945,
120.09410753,
168.24728572,
391.36073306,
-73.09952685,
257.38954227,
568.49652381,
-215.32295400,
-325.52899769,
126.25733992,
-374.20246840,
-134.16000569,
83.48074583,
89.34491300,
68.69591934,
488.80491398,
135.64346418,
-18.90118469,
135.10515887,
-206.06905185,
81.56350171,
-155.64386612,
-173.45560786,
-79.64128314,
75.80313382,
11.96947987,
-155.24906425,
-137.31114927,
62.33968015,
45.20492136,
162.34524317,
31.00665377,
145.80724653,
-168.49887050,
-22.86110947,
-36.21449695,
-52.10321178,
-86.47668266,
141.34597844,
-16.08692125,
-104.86272034,
-27.77890190,
-115.43787764,
14.33749583,
16.90613893,
107.18959280,
63.56203806,
-57.78563562,
23.95877698,
18.83020804,
8.84942922,
-11.96977412,
39.70842537,
52.99922521,
72.18712763,
-87.52219967,
6.41924635,
178.09135550,
-75.54502376,
255.97174130,
148.19910732,
-112.80993484,
-45.82036591,
64.53963473,
36.14097143,
14.33152118,
123.61768854,
-87.86819271,
-284.96516277,
74.99611588,
431.28550712,
-430.55912115,
109.41500922,
186.27871072,
-125.76810522,
-9.91668735,
117.94902880,
-238.15932719,
372.27015382,
17.42451670,
-69.11911729,
-179.62786113,
184.56420120,
-16.28509931,
-151.52453289,
-68.91170537,
146.85804497,
-16.40630325,
175.67130490,
-80.94270967,
-7.01538864,
-41.78955331,
9.51445377,
-107.58052067,
17.83074042,
32.17732970,
11.69569889,
46.61680342,
19.77220365,
-192.60166315,
58.37085630,
-97.91686641,
21.77017749,
-70.77866561,
51.17436605,
-71.57403355,
-2.30294606,
-109.73520666,
-66.54623373,
-107.55906083,
25.76501637,
-40.24172808,
-138.12497627,
75.89194906,
109.06899895,
112.08931844,
-83.05251816,
-71.69284578,
-103.07624512,
197.52098085,
-210.38004882,
-8.01783802,
62.79193159,
-271.20635076,
203.27362774,
541.47098631,
-268.22116313,
144.07315326,
-363.72976810,
-160.02323867,
-221.00777100,
95.06014644,
140.86247706,
217.90038983,
-21.42081553,
-80.91121543,
68.91695973,
-74.62612253,
-102.97474588,
-258.10132365,
-12.76695708,
101.50473192,
310.68664130,
112.39471953,
422.06337506,
-325.59911210,
-280.19877511,
-301.04914370,
310.57095749,
-262.79226622,
-200.09537717,
191.62740725,
54.70633908,
33.14468973,
-49.28157930,
123.90616880,
-6.81335999,
-40.08377915,
-45.11397685,
159.49924580,
23.58179317,
-60.07014315,
-87.96626802,
21.87384023,
83.20615035,
116.52873086,
73.53756467,
-59.08728581,
-21.02205778,
-67.42114551,
-74.26951955,
143.33958389,
53.99730650,
60.26731725,
-105.75703470,
56.97458047,
57.41927111,
52.75308211,
62.57866714,
46.95632681,
-119.17302523,
-52.83127795,
-130.72867504,
150.76594585,
43.00126323,
24.20884461,
-57.45878527,
-88.08086536,
-83.57269024,
-57.77019320,
-267.88020987,
-119.83686860,
14.33661216,
151.09398076,
129.33107445,
-81.13347335,
-71.19510699,
-103.34504528,
138.22684685,
48.61883024,
-36.99114779,
14.28326302,
-105.03126037,
-25.65506518,
5.69968872,
-106.73908444,
-13.67153387,
-20.57711651,
104.98978247,
116.71881727,
-5.27844518,
33.80125797,
-48.80621291,
81.57285829,
88.25942998,
-20.02616614,
-10.22056211,
-50.28481663,
-49.55076361,
72.15868130,
-4.17594420,
-10.72032646,
-10.96958080,
-15.40882733,
-63.79788127,
33.55084685,
-17.26014879,
-17.55390088,
-5.45530718,
44.66973020,
-63.09731106,
-81.66901161,
-66.06339426,
-8.83416920,
2.67432977,
-54.19441844,
-55.76532979,
16.34016922,
-46.85993713,
7.18031692,
19.08469701,
-13.97463086,
3.49303032,
-41.19400001,
39.61901302,
6.40792343,
-20.52540154,
-37.49373234,
-314.84197579,
-311.45598608,
586.11446804,
906.14294885,
1330.10386184,
7.90610841,
759.16574919,
-1264.05359522,
572.15091727,
-162.22398452,
640.90719030,
-905.43571141,
-924.38090206,
-36.06142665,
316.52362630,
-381.75097609,
468.35776523,
361.82492662,
509.74039535,
-407.78181229,
13.52278797,
-332.02789633,
294.37231765,
-566.33584988,
300.46241399,
616.81662737,
813.29686439,
-597.69900773,
221.03452596,
-801.23145930,
69.11262730,
517.99735576,
-555.46242917,
449.13097605,
347.02074339,
1477.36331389,
92.49501620,
-365.21996280,
-532.26747988,
64.29511581,
176.77908564,
1312.86543174,
-491.50490054,
556.51523009,
119.87252253,
351.90005054,
-279.10463439,
-82.00910789,
58.95854431,
-33.89820153,
-885.52018224,
65.93116205,
127.01940339,
-489.01036392,
419.24936967,
21.07368564,
-547.77490551,
307.91665776,
324.66860547,
479.17029259,
-1089.89591411,
207.26933423,
545.35906791,
456.36759128,
1417.56851472,
1434.75919006,
-924.66086287,
822.36208252,
351.31454025,
263.14046207,
857.22524384,
-949.60872095,
59.57363432,
-404.06980037,
213.72208127,
-126.95134484,
1553.92693113,
598.75930488,
-345.33115386,
467.02381475,
2142.32299133,
-195.92773601,
616.91597235,
174.35333249,
-154.06291090,
273.11455219,
-240.53642331,
-605.08246204,
-996.54878178,
1513.91434466,
197.01017996,
-150.86107784,
-661.41802536,
936.63005360,
-15.66764864,
399.85293229,
109.44717704,
672.71922997,
-411.50728623,
297.71197975,
25.33210406,
-1040.00612919,
253.64660616,
-359.12315504,
-842.30816216,
-777.84803799,
-324.57921859,
-149.66711042,
-416.30264619,
130.61866490,
272.08976956,
792.03140905,
243.57948918,
151.84030140,
259.02376039,
52.07039591,
426.52135937,
317.44823800,
-641.56731073,
-715.79824206,
1456.28472946,
-223.72339916,
-433.55215532,
534.92850636,
-841.32302901,
919.01642407,
1083.60925962,
472.00885883,
767.59398708,
-105.00169086,
271.27118237,
-1605.31604726,
-514.74237692,
183.03678414,
-470.68392309,
-245.12796096,
-39.20200814,
-579.80028640,
-283.44947458,
-1072.18942655,
-127.43744418,
259.45177668,
-73.35563203,
-377.16726076,
-822.51815856,
-1174.54800193,
1657.55332103,
454.33594565,
374.87414312,
-624.49230257,
-658.04673980,
459.12916529,
-437.17106282,
-1324.93375262,
-416.54334710,
153.03056640,
-1063.95973134,
-1201.70558559,
-907.35845321,
-258.30668614,
-83.71133345,
-862.76706149,
-703.79054163,
-173.95940214,
61.70463235,
-338.45897321,
-808.32430334,
-581.82024511,
-451.48627775,
-1030.69863315,
896.96617886,
53.48078897,
-504.72672446,
-701.56640122,
486.63610624,
-1656.08579701,
410.14008700,
980.76146556,
141.98170448,
1223.10149476,
467.32216625,
321.01528065,
675.14603434,
1608.70475942,
379.09639150,
-756.48910594,
1315.81171940,
261.92925091,
79.42059302,
415.54165331,
-849.31437462,
-58.70022890,
-630.65345266,
731.65808969,
-10.65334780,
-844.55098577,
-95.42223554,
-571.17177799,
-243.90070858,
156.02164734,
810.63612199,
59.44175481,
308.67935368,
-260.11549832,
18.37054191,
-1324.18543337,
676.33311021,
389.44442141,
200.74046467,
143.59100574,
1485.21284602,
185.90375671,
783.13255611,
-1091.34772332,
-1708.54324278,
-217.81230021,
-1080.08928456,
-1506.45233909,
-178.44078246,
-1041.65768554,
1290.22456673,
356.69399882,
-2176.87951600,
200.88689464,
20.37522132,
-670.80683675,
-702.12244746,
-586.76141793,
-168.45048772,
711.43462318,
429.73415315,
619.82025543,
485.14983322,
-906.89250327,
-657.60025465,
783.66920319,
711.94490491,
-72.73396475,
374.17219436,
319.18742375,
-1102.81369945,
-802.14685427,
1321.67138197,
634.33496156,
-1303.05098395,
373.04674513,
-1192.05007628,
-304.87528711,
356.40100119,
138.30284229,
-247.54164727,
-53.68351144,
-513.48646929,
-693.21522513,
-510.05057811,
115.14455326,
-539.56998444,
295.48109271,
98.30237103,
129.76046694,
537.88019875,
-218.81465877,
-483.42921144,
263.23281677,
-812.29916741,
1265.65572929,
1080.33786989,
496.21065383,
506.12068133,
-892.61714039,
-917.64020141,
-479.39325444,
49.49647447,
-356.62363671,
-748.56763100,
-418.64867575,
-178.31245105,
484.37868246,
-428.92697137,
-23.25250550,
1247.69645627,
-526.60551662,
1395.74673713,
-265.66704172,
1466.80165052,
554.71717689,
428.40248710,
-1925.61604065,
-158.53328293,
-1423.75798692,
693.25127664,
103.75552764,
23.09804214,
465.33218719,
286.09764602,
-33.07846209,
-70.95501537,
-248.10548847,
353.69163992,
164.23418236,
-1131.62912413,
-1080.39624047,
116.21168651,
571.81155429,
-206.49197792,
612.70058293,
736.52234556,
-294.50690196,
-758.59149184,
-142.18836089,
-675.38913814,
669.00421925,
-238.69062970,
-112.74616589,
-1205.56761252,
173.76281298,
-265.53933555,
-127.19309400,
-394.83123470,
1108.17673556,
52.64401393,
1055.55933024,
-322.53368948,
-93.82724622,
-1230.54995234,
-596.73564480,
761.57157669,
800.62535509,
130.36164700,
-1035.15062869,
-692.42620764,
-1128.37919983,
-296.21885516,
-390.28886012,
635.96422147,
-472.76951170,
546.38025558,
-844.92164279,
-1117.39429672,
-476.69383699,
165.06470607,
968.00518217,
147.25572184,
655.83884399,
-892.21285741,
-617.64979660,
-126.95789303,
-976.51920125,
-1617.81707596,
444.03988883,
-804.50632416,
-773.63993086,
-1083.59430051,
1102.36731569,
-136.08252357,
239.98602060,
-225.42484925,
476.94205596,
813.95752800,
-112.25938509,
373.38527569,
1148.83241953,
-324.12642886,
1349.85529823,
-321.17047602,
148.58212778,
258.88011643,
-104.13659176,
328.19783659,
-158.86627405,
-443.40280745,
466.70261877,
1280.31398676,
1329.20461215,
-1540.04930446,
-376.50519522,
234.69598776,
1118.44011011,
-878.29247914,
-961.04738528,
-389.59717762,
-710.54977635,
-1054.24165012,
1339.02689061,
1633.98552323,
554.22602319,
689.90112746,
1020.43740641,
282.21431040,
327.92768311,
-202.75639847,
51.63369425,
-164.23944243,
702.10195447,
127.59224728,
-1257.30797285,
-367.21159436,
20.91604789,
978.51598992,
733.93012263,
1110.65428669,
-550.29816953,
102.43903694,
-939.06347423,
-73.45434383,
-120.07050927,
-214.39667182,
-1281.62827848,
610.13020344,
-417.74227023,
-301.42894113,
-404.81432221,
-1334.71935450,
399.88580258,
1201.79086793,
773.69874655,
525.58724304,
513.87149282,
201.46856356,
-189.39819438,
667.03004768,
-338.04689961,
839.12797885,
1418.93696373,
-214.85814809,
740.57842661,
-753.09874688,
-990.13319477,
484.89453540,
299.61628732,
-518.05309228,
1353.99179774,
432.76980149,
-1221.75588390,
177.92555385,
106.74183296,
-395.00862222,
673.67903210,
469.76488780,
858.43278930,
287.56284628,
172.40071341,
-754.45496481,
-1010.78927093,
-78.39904691,
-282.26741221,
-428.64258327,
-341.07709640,
-846.12182820,
53.92721078,
386.87985198,
-308.12012371,
802.56676102,
-1496.02123483,
1558.82577861,
-609.58199460,
296.31193373,
-88.05235502,
463.42638044,
-381.82145966,
44.22989081,
-839.05228027,
812.25764931,
-260.74348717,
538.20560020,
711.12966316,
-470.02250634,
493.01895661,
217.20550201,
-591.90002272,
1049.61870453,
-1943.75983877,
-345.45386754,
442.23242398,
877.80395456,
-1090.78754709,
-1176.45380142,
653.07173768,
-1423.22403685,
202.20279343,
-1509.88640435,
532.73087423,
-613.62989095,
902.38721495,
-1568.15766209,
-201.25101322,
-361.06205944,
-560.32692842,
-115.72651446,
-331.50370212,
129.41121688,
-995.33743400,
933.00659817,
632.73804606,
542.31572426,
-927.94853908,
-619.58583860,
-860.52215125,
110.38365158,
714.50366987,
-657.94937253,
50.12174279,
-378.79450616,
463.87975868,
-268.25028215,
-71.77402597,
-321.56521515,
82.81580044,
133.68964204,
1285.08743895,
85.19965947,
-648.74415077,
357.61574624,
-419.93924025,
-458.29025916,
890.33741929,
-101.80002294,
-366.81897098,
-2085.12049499,
-380.96275637,
-632.60346148,
505.92445352,
553.19168353,
-1382.94233881,
-1254.74720226,
-1252.86964919,
679.09904799,
965.48106197,
-2143.15176105,
-242.31029643,
558.63479254,
-420.60588560,
-387.54823940,
-227.05210653,
94.90720942,
730.89530036,
-108.19743331,
914.55642108,
932.14616962,
1058.05075181,
464.69907652,
-260.52018052,
-596.58412137,
-31.59621354,
-134.03024430,
767.22038435,
1348.67105681,
72.18695369,
-653.07509275,
146.95835432,
87.70020404,
-512.03397752,
899.12489100,
-874.12971855,
-909.34613415,
4.64563976,
368.48011421,
-621.87735445,
1432.68598693,
933.13543739,
-90.80957299,
-105.93015064,
233.94093908,
846.10427169,
486.12276972,
180.64021397,
-166.50456318,
-395.82689175,
180.33163595,
231.68279396,
-1143.56719777,
1010.27951212,
-404.69180611,
1685.92982947,
-777.63249773,
94.65415056,
-365.16851246,
502.40449122,
-1009.42846346,
-750.72100106,
-76.78484416,
677.35168106,
1457.94079479,
-597.91489431,
288.86994643,
-582.46597453,
-424.63086861,
-31.91810312,
-19.53753631,
-320.27679070,
49.32267240,
-247.08587535,
-1837.86248665,
-1605.11422779,
1169.31211416,
-290.54670355,
847.20803102,
-519.05547126,
-353.80803470,
-1596.59148598,
-2403.22612568,
-414.50916879,
-1596.02160390,
-1207.28772247,
-492.35633383,
708.91822370,
-1168.43504924,
-205.39832931,
-26.60817490,
1902.66083850,
653.91097468,
2.07399530,
1329.49656505,
2714.43428021,
507.80951694,
293.59680794,
-451.30044765,
814.71722913,
826.48929254,
851.96290648,
748.94320699,
401.55315887,
-1633.72112659,
-1684.53629672,
-1444.07038425,
456.04635105,
-1057.93852708,
80.91800996,
1138.42039058,
-116.38790503,
687.60515098,
154.74133664,
-346.68120836,
277.85416036,
-137.61666451,
581.68113585,
900.66646129,
726.23703877,
-104.15706048,
263.78838583,
619.43140326,
1630.77822087,
-1311.80435545,
920.98241440,
-3083.82251131,
741.82078223,
586.71196496,
806.08905448,
-534.74093959,
-2117.63436249,
217.58764199,
-1333.58890120,
-332.77514267,
-970.37834143,
-753.07777650,
-265.98806289,
764.88461206,
-426.26427084,
1260.76722273,
-475.05773777,
-1375.24695013,
-1004.26325417,
-744.97418352,
2803.34275134,
340.46411427,
235.04594569,
-160.45356500,
1010.35240408,
-143.22012340,
-211.42477136,
279.17577868,
724.44569621,
-150.15814514,
1163.90541159,
1044.86350591,
56.10726201,
-451.08086271,
-374.01374048,
-39.04558228,
1712.70003852,
-555.27067579,
-1390.67664300,
482.90266309,
61.53663322,
-2201.40778694,
1265.30235606,
-60.94956330,
-156.33453416,
462.12243045,
-966.05278356,
704.90478405,
1060.09306494,
815.98958735,
1224.58865761,
-1211.80355396,
969.28473462,
-236.51139772,
-1385.66208603,
-332.18066621,
-1728.73699711,
-517.21128629,
1733.66169801,
-961.80012967,
-1324.97202424,
294.81777625,
-120.23208037,
-1913.27597952,
793.26627711,
1527.17283796,
2508.43724850,
846.82106317,
-198.57137473,
-381.78568521,
986.95745910,
-248.42244716,
1471.87593627,
-77.99869167,
-227.25031169,
62.64394158,
573.00758882,
-1096.13080325,
-340.89123418,
-492.64549182,
-1144.81897311,
1031.05964632,
1503.36431769,
611.99787893,
-509.82855435,
302.22987138,
851.81286783,
-730.08024710,
-1365.43077558,
-137.59298879,
804.34743315,
-552.91470975,
207.58062812,
-987.19041628,
769.89812320,
-387.82479517,
205.47568640,
277.39298650,
281.21579772,
-1476.65029263,
-66.03846829,
241.29568225,
-131.46102833,
-843.71143956,
-164.48069569,
-360.83412419,
397.78605623,
597.38021144,
-744.70508869,
-230.14642229,
-414.42963909,
273.45573170,
1666.14137371,
931.24089548,
-347.01377877,
538.39682518,
431.12671479,
-1563.06567929,
-1342.99357161,
314.66351015,
2206.35064884,
1953.89114283,
800.58624563,
-853.24649210,
-253.72331180,
-493.41241038,
-2375.52819827,
378.16345761,
-598.98581842,
-1179.58844105,
918.29919915,
-1010.47823866,
276.72526543,
-3012.76905475,
-1622.16636862,
-608.14847158,
-1118.46265322,
787.74282397,
167.85351567,
-264.42441307,
265.51853375,
69.81607728,
567.27994118,
125.19917755,
432.06019827,
259.37880956,
754.92818923,
-856.91819554,
800.50799374,
-1423.45132928,
-91.08568581,
319.38686953,
330.13529326,
-998.76204341,
-380.10346198,
335.44073309,
730.58577067,
-730.83880578,
-208.51942708,
732.83455480,
-1093.41772894,
-13.25541304,
36.88721725,
922.81850699,
-92.36355864,
881.37347299,
-240.96936681,
-564.55505847,
-1794.41828403,
344.67697092,
-324.30874818,
-457.54521436,
-1199.46131893,
-171.20111392,
-1202.17826990,
143.76227255,
636.13530877,
-225.37539253,
-778.51029462,
-1647.96159365,
-287.56666418,
422.50068616,
573.01041804,
-185.08691125,
290.24815402,
500.01711996,
-189.89476977,
999.21562453,
-1220.67087945,
-791.71884701,
-1625.64730765,
1005.88405775,
1132.55816921,
-691.54249571,
561.99593098,
257.27136180,
818.04642948,
271.87506325,
693.37223492,
-146.18690430,
457.69839713,
198.86232513,
175.66862963,
328.14597783,
580.68006835,
-94.97235272,
-607.18337049,
-425.63883199,
-1243.61749933,
282.49657570,
-849.47687747,
303.66360798,
35.16235253,
-947.52194597,
-1281.93593213,
-332.45036879,
-415.17680114,
1065.35453610,
-1832.23904110,
127.37400411,
-7.99343472,
-434.51517534,
1339.14835936,
1898.33011215,
-1180.45436585,
-444.90032002,
1498.40443924,
1.86624742,
524.04150266,
-1029.11427736,
283.71842429,
511.36964828,
-228.19766233,
-181.48968481,
235.25688804,
398.85659649,
-213.31064639,
757.04839021,
-1233.00953966,
-447.56463356,
-2000.53620407,
2229.90754698,
525.97125525,
401.94575677,
-926.76411511,
-753.64103075,
-510.27268484,
89.88238302,
374.60504215,
1204.97843672,
-555.48694461,
-972.70806552,
-1027.34966754,
-157.40018532,
-379.65967909,
1722.34313877,
-742.25459999,
416.45130440,
-1022.42589502,
439.31828967,
-770.78842604,
-1095.83593561,
145.41881701,
-973.54074873,
1001.78762528,
-771.23232168,
-24.64367503,
459.20470754,
1625.91506526,
294.23298449,
-977.93926385,
873.83144499,
-1753.78870916,
-371.34178594,
303.25628879,
-129.37212811,
1212.89725357,
-966.59548512,
805.69298886,
-1871.99502194,
531.06384034,
929.42443723,
-1316.88606403,
845.99757707,
-112.40460450,
483.82609358,
-701.34165612,
464.80007065,
283.92526791,
589.58821236,
-641.90363826,
317.74149988,
-1144.77709015,
-259.09431554,
196.11370901,
-273.00449603,
-1280.27189310,
184.78014777,
1231.14658843,
242.63983237,
-245.72391771,
269.57011616,
-277.45088500,
415.81421599,
945.88165259,
221.81098903,
102.01613233,
998.56221972,
227.32438464,
-990.96600935,
-42.01585405,
905.81083438,
747.81514141,
-731.46171004,
56.14387462,
-191.33706212,
870.18937295,
1586.23312546,
-913.25307019,
-966.31103771,
-596.74134950,
1083.21192653,
553.20196413,
-1083.77957492,
-1015.29607168,
-212.75203004,
-908.59181458,
-82.64727533,
-28.35422483,
290.88573710,
115.37054923,
584.42406643,
-228.89966829,
772.21091970,
-335.79235319,
-1568.70942673,
-173.77751137,
694.75422863,
-1589.36764404,
283.13555999,
77.96075474,
150.82133087,
-240.31195721,
2003.17763080,
273.85539548,
1241.25319167,
-319.50264376,
-655.04380763,
836.59728089,
963.79626773,
863.80480792,
-861.77265560,
479.44847726,
896.38370331,
66.80110633,
-356.63426362,
-694.56580467,
-638.44964852,
166.11574684,
-116.72102154,
-877.21161234,
-368.16456274,
-427.71838696,
749.10953148,
-294.31670768,
393.37976663,
-23.50666570,
-90.85196835,
-271.79144904,
222.17926777,
-1306.29985324,
-393.96477041,
-155.74963205,
-766.31095700,
56.66108659,
329.60353357,
-1358.65211277,
-1376.96391408,
-23.08792713,
-794.81091167,
-668.14393866,
609.42218943,
1075.45607892,
276.21226117,
755.04700791,
-158.59420802,
-413.20294687,
-1699.24274784,
-1445.61548405,
-456.21463782,
1529.70807365,
-890.04499967,
-497.45371914,
503.66521636,
2278.46914706,
-456.65007518,
270.86604829,
-438.55441446,
350.99244704,
1819.21235742,
-68.88050771,
2271.28305727,
-431.07485323,
-1689.30762053,
506.04151316,
543.78398349,
-621.91207600,
-747.03801950,
-362.27297932,
973.33316318,
770.89259170,
-654.46919715,
-98.74471634,
-180.93319795,
-742.63542377,
-374.63711835,
-680.34339376,
343.72051042,
-783.76603987,
-784.24289439,
-528.76192999,
222.59922415,
-817.36463996,
-433.71990630,
124.59151784,
-300.03228106,
276.29977376,
797.39478672,
789.79840445,
-382.36791218,
-10.17505951,
-996.93018766,
-1053.79678835,
-39.07093620,
-583.74658103,
543.52292214,
69.50095043,
-650.79574437,
1594.54932559,
-1016.08260041,
-219.77450220,
129.35229607,
131.10189526,
199.29393413,
-1725.38869730,
845.65851484,
12.43681515,
630.89619023,
1640.49889396,
128.75744971,
376.84845941,
975.99453396,
322.03190481,
-318.36792168,
462.83674134,
-1286.21074904,
-967.53991970,
-520.61698506,
593.56347801,
921.65909220,
-348.44602578,
-201.17790717,
1047.92205681,
262.67043677,
-1285.86395353,
544.68344527,
1404.06852024,
-1775.29840108,
548.91729607,
-268.21844483,
470.06170160,
38.75446688,
355.41067154,
1468.85054179,
-436.97688012,
95.98069884,
-708.17986287,
-963.60370533,
818.26764944,
644.33540257,
-503.55663560,
-277.14302226,
554.37812616,
450.74932284,
1365.63846157,
293.29782053,
-551.96888034,
498.25409048,
1.01768783,
851.10598356,
-1078.12788525,
1748.23345186,
100.84250141,
712.89801965,
-1093.70792402,
165.76324649,
985.94469555,
1385.50809219,
177.42103350,
-1170.28763895,
477.58027078,
-972.33522551,
-841.34125418,
-825.76136543,
439.55485114,
1383.66911161,
-741.94506341,
-252.49739365,
-308.65479368,
1173.44512502,
-324.50021300,
1299.25102471,
-1313.72606975,
457.50727024,
1408.90612049,
268.71132250,
697.55361482,
269.09947570,
870.83965816,
410.45674527,
1012.48125675,
277.35674745,
-691.17490373,
655.02921939,
-363.91628776,
-684.04470123,
-14.27218056,
-635.07060461,
-644.28603522,
309.56270072,
-222.24665789,
-2680.38451361,
487.70175793,
1495.37385376,
-1602.87701582,
198.07455592,
-794.04655125,
164.68704717,
-248.32981797,
1943.06423273,
341.89415844,
166.71593990,
-895.17392054,
1028.51475650,
-715.77611155,
-406.30596143,
-1227.71769271,
-936.36940543,
746.60931449,
1802.87538029,
-383.12842884,
-714.31950095,
-1389.84850404,
329.22985575,
-64.38837117,
1465.55789449,
-2084.58342000,
195.34206759,
-1005.30616754,
-346.90757178,
-470.91645679,
-430.58622021,
-183.48192031,
1000.30862512,
234.60329645,
-170.04198325,
257.99003424,
-596.34715953,
507.85427839,
-862.96685132,
48.11744988,
162.44092524,
-1183.08859584,
-455.10451298,
-739.67493451,
133.93595790,
89.15393843,
-2056.68909723,
-647.36740842,
284.04014028,
-1806.98330178,
824.92199241,
460.10125544,
-543.84115165,
375.77711246,
223.50646939,
316.55514146,
619.09703709,
-1580.79615007,
-582.78048064,
-107.77227651,
127.18339008,
456.54005190,
-980.15209226,
-120.60180090,
1711.80200349,
899.17213165,
-513.48267246,
59.11909717,
-97.88598553,
-240.07912144,
-468.70537382,
439.48610735,
-2393.76150070,
-1029.67980060,
772.72339444,
-1119.66176985,
796.95369840,
-492.62626787,
137.68583281,
369.43234159,
-1136.20920457,
186.67535847,
846.56491740,
-546.29577772,
852.32202959,
-143.33244493,
1383.59654255,
-1002.84908160,
464.81289146,
379.81030297,
441.24179385,
-852.05457878,
564.93671481,
48.93097500,
1082.70652705,
-340.56083467,
460.42377236,
435.35009216,
-318.49640425,
351.65535301,
-1159.27255776,
-638.26484826,
-793.11199312,
-409.13200427,
-727.63323275,
1144.48955942,
-783.59784826,
1042.51825637,
352.62634751,
302.78504629,
1307.95119458,
-196.76451604,
-361.54393009,
381.20062427,
-240.95991579,
-658.54891451,
-91.99250939,
-409.25838325,
447.71006489,
-278.62972878,
-620.38592867,
-921.35963611,
-621.99193351,
-250.86605356,
-24.54387450,
-719.12174433,
784.69420772,
-75.87100369,
-85.35818224,
231.08388184,
59.18551317,
-1711.14955759,
2047.14612433,
-865.31461986,
1334.01231017,
-1978.72122883,
1893.42752977,
13.38067217,
-218.57534442,
-1066.80323878,
194.27084982,
1133.17175999,
826.61963376,
-549.39020981,
604.66882805,
-284.38799036,
-563.53603128,
-591.73039395,
-522.62597879,
64.94947886,
695.55796138,
-268.07457717,
92.29821479,
-84.95771253,
-602.19336800,
520.09892917,
1824.10874567,
421.02009189,
139.03594909,
-885.39989415,
143.80924266,
710.17367478,
1303.22869889,
1303.46617436,
829.19007729,
208.64696400,
244.73356082,
-636.53777234,
-296.34613766,
-1514.56761044,
-878.24261151,
209.12208622,
111.33118108,
-1073.84616121,
-996.56493119,
1293.70705123,
1020.42841580,
462.65348895,
953.05899096,
-395.66902198,
-753.01570616,
-783.01049776,
-150.57961695,
295.77722562,
-433.24943140,
338.48454237,
-938.55745032,
1120.99804420,
-558.57447000,
8.92703030,
331.43495304,
-2903.52888517,
39.29956315,
-1572.72299501,
17.15402806,
1317.10969736,
453.09773209,
1003.81510583,
-517.05679965,
-89.31917236,
-452.01497834,
351.83983113,
-1271.77569876,
-571.32193561,
-124.46789948,
-635.09915067,
-1453.78084689,
78.38842904,
-346.11308691,
-406.70677458,
784.49096700,
166.77429715,
254.04636147,
845.54730655,
-2044.71541245,
-123.77504425,
-363.46294810,
-977.89177503,
-1478.42313506,
-1406.26562042,
2189.87824953,
135.55231509,
653.43740054,
-202.30138870,
-233.84840595,
1037.34929001,
-973.00445221,
-159.46535048,
223.09119284,
-9.41455772,
-1787.69498105,
-509.64689110,
143.81427788,
72.04588411,
-1451.48047289,
-658.96825809,
1104.58733602,
-695.60366666,
-89.77196369,
-119.57624685,
227.23252802,
-850.01954653,
1035.02777033,
1082.24584758,
239.90529847,
-439.62333882,
-45.87047232,
489.89790025,
-1691.76111430,
1025.85367189,
-502.48171052,
-835.35399617,
921.81872572,
-1081.57319802,
538.13103242,
396.22881834,
1456.56303247,
-582.57983423,
-379.49991121,
1368.02201431,
239.50427007,
-762.71451799,
-96.29454762,
-179.54032622,
932.96749615,
310.57839545,
-1317.91847109,
-13.22386797,
-692.91532602,
80.87070755,
982.71277660,
1486.69131003,
106.55644933,
-283.66932312,
1184.85232432,
-608.51814007,
-595.15567267,
2065.67718597,
-48.35831785,
-943.16878309,
1892.01605751,
-465.89424648,
-1590.94638880,
546.30324657,
-611.72462978,
410.43274299,
595.30472481,
-195.68103045,
528.57706805,
-2381.86878620,
1947.47380694,
145.22629358,
831.70196028,
882.89701745,
439.39009729,
653.91365158,
1374.61020021,
-642.32951512,
-1561.64194547,
371.66179843,
-339.06354565,
-1054.71355721,
830.50990259,
-2520.03480792,
1129.86333762,
-963.66425320,
-300.62754373,
89.71409467,
728.44680243,
297.45775242,
840.98026692,
-12.64769820,
-663.42908693,
1396.21427713,
-707.67653817,
503.34961725,
261.94754279,
-1179.62875817,
224.88208545,
-1036.43834292,
1980.35918677,
383.72180187,
103.59447720,
-1194.00905728,
924.20242895,
-636.27580337,
-160.03294765,
1296.30645671,
123.57846715,
-110.14912487,
-182.05850618,
-360.56485395,
889.35092755,
-1340.46877624,
1878.07047069,
380.06071468,
429.63780298,
-425.93130222,
-823.93016411,
983.32966347,
20.33682556,
-1616.22730157,
-1004.00458140,
-1288.05975602,
535.37801022,
-336.78145313,
261.05921107,
165.26064571,
-1172.17000487,
-718.53231111,
1082.21828010,
-102.57539542,
664.84573192,
-409.04742461,
-722.97921272,
1086.48528101,
-541.12518131,
-831.97890607,
1158.06609758,
894.77945882,
1447.41234697,
244.49019478,
-318.13781627,
624.70161075,
-319.39961185,
106.10556132,
-35.07990469,
-697.90890809,
-1403.93674281,
464.16208452,
114.10338916,
-1428.52482001,
974.07259641,
-17.26080918,
-2748.97806873,
-10.89222141,
280.97198500,
620.67139094,
268.42251771,
422.81504482,
1546.68189017,
-1332.22008181,
865.84066072,
-1322.62850264,
-1595.17137890,
-358.50521747,
-1118.71353852,
-1259.12554698,
973.26262410,
1401.59350148,
1313.30298143,
-477.28256975,
327.92045587,
209.01206534,
112.47300765,
1872.79089743,
-22.35208039,
1401.79949024,
-356.43775450,
-508.28472305,
861.95856224,
-343.99362022,
-1177.22441572,
521.60222672,
-2885.27414417,
-583.60053425,
-133.45967816,
-360.74948813,
976.30254742,
1699.66711342,
487.68696240,
994.57542927,
-318.05687673,
-456.58560378,
577.21551493,
-1388.96510825,
147.79547056,
-634.88597034,
-810.79733423,
240.54267456,
-203.65904363,
711.35603984,
14.24979404,
735.39752131,
179.20399760,
1249.50162274,
-632.75403904,
1411.59183764,
2106.98750708,
-83.86334598,
-398.10693135,
-393.82827484,
-318.89279261,
547.58009173,
-553.59054179,
184.55263411,
98.11440805,
1194.20279445,
1087.58302299,
386.72598773,
-140.98226517,
-351.66559656,
1652.22280764,
-972.34904751,
467.55855833,
-342.34315744,
-764.77563508,
56.26532635,
145.20650705,
304.61363730,
-31.46159123,
-258.80047028,
-1214.14525733,
-1193.54977233,
-319.60292388,
77.47676238,
-513.54169611,
57.62958049,
131.07250942,
-795.13153519,
-336.21927844,
1597.96082401,
1097.13122195,
-1559.71500144,
-1013.28762966,
370.53063445,
78.57247832,
-133.84743487,
-681.37893763,
619.48328530,
201.96103682,
1318.90552147,
-565.27144660,
-16.10348783,
-809.68507168,
437.17720472,
397.99425264,
612.52830423,
780.17041154,
-2090.22177328,
-811.88920621,
212.78219784,
-1036.07392395,
-816.33876878,
-424.59986730,
887.44239153,
40.59804679,
1124.00055490,
363.07781158,
-406.28871776,
-1747.41682895,
-1621.95824383,
-381.93515941,
234.78325179,
-1059.96059310,
443.23431334,
522.18809916,
-463.80070528,
655.74983935,
-1317.35062186,
53.34696713,
-383.29563949,
234.44120997,
-274.74105206,
98.48438065,
-724.33448890,
-457.10144202,
191.49716407,
750.54714751,
438.62873462,
-299.56331976,
-215.93046450,
-1510.05846474,
62.73899891,
1213.90143253,
1800.32991663,
-140.47130113,
-204.42648537,
-83.36157392,
293.04502421,
-27.77782188,
742.86182952,
11.89179712,
-317.48138256,
704.83535181,
-931.25063677,
-27.71911767,
258.88804296,
549.92985554,
1152.28308210,
1259.62640075,
104.25400147,
971.66826091,
-451.43993975,
-561.45361176,
-659.37882165,
1344.91973442,
256.78050558,
-712.86431505,
-1584.36168059,
826.44940316,
-453.47395768,
-33.02860128,
-720.47007167,
422.44231922,
-545.73742168,
230.56688183,
-345.90873599,
-551.39051679,
-419.24667300,
1072.34865039,
309.12246790,
-412.01297918,
145.97317017,
564.43456346,
877.63373183,
969.49663706,
-171.85610658,
185.67943018,
-1392.57277637,
-1084.86676808,
1888.21180907,
775.33435018,
-89.68761697,
-126.43332127,
201.56604802,
840.95994966,
-1100.82918156,
326.28442038,
-70.70167271,
12.77924202,
-1615.80902001,
593.66182522,
157.74409886,
-430.80337056,
258.23990982,
2328.27488588,
235.20648308,
-702.03563887,
-36.05268372,
-1000.52401359,
-706.28738392,
934.22332257,
-574.81357220,
1443.50472248,
1025.69424560,
-675.20351206,
-579.16131578,
205.97198930,
404.19936517,
361.15382105,
-101.44677478,
964.47211522,
-190.97757497,
110.74374315,
-713.60074066,
-940.88283199,
-979.56322840,
946.48039330,
-251.72698954,
-338.02019673,
323.31979835,
-304.88173881,
367.07447920,
-245.30334486,
-750.94790498,
610.77508086,
-431.82294995,
-407.26786163,
31.58585843,
-1016.36624608,
-1004.00000295,
-1081.50596957,
-183.84482690,
903.33624489,
400.04116500,
8.45029311,
-40.62276875,
-150.00576144,
395.64856804,
440.57586698,
-56.79268373,
26.77784894,
-536.43780548,
-268.63187321,
-164.26720574,
399.97601241,
910.15404633,
-233.59500135,
-365.94513901,
-119.65728395,
183.73431388,
-585.34460501,
-851.00948694,
110.11169928,
-690.10786903,
-1260.31242299,
460.18518346,
-287.31276310,
120.17073770,
-988.63401117,
-217.00651352,
-61.36497833,
-784.52909103,
-533.61417644,
354.33098412,
153.75130233,
33.33394187,
-440.17783238,
-500.82777998,
-1523.43524739,
-871.05236149,
1460.22829102,
-685.65163966,
125.41740687,
559.33072377,
-216.69966720,
434.37934598,
50.48692152,
980.94168003,
71.02766217,
-370.00778551,
-229.18226366,
840.40957413,
-1092.58602865,
-1402.45845844,
259.43976991,
350.45781419,
424.37163762,
-73.98339609,
-244.08955224,
609.67199138,
30.15648664,
-702.31017724,
-94.25870443,
47.57753931,
349.92788979,
-229.30967255,
-23.71482520,
-211.19371874,
-557.92146568,
352.95886144,
-512.17122112,
-613.11119090,
1340.67079792,
-778.80213317,
835.72055224,
-31.94058866,
-116.41488050,
-185.20664327,
1222.19535413,
275.85717249,
1277.69063194,
576.88333940,
-208.01005955,
-1303.09505781,
-192.04937236,
-529.40662809,
1289.42825585,
192.44743920,
-518.23676432,
-364.83839790,
161.22456808,
559.68877897,
735.33944383,
-302.77317292,
15.87592661,
869.55348612,
-518.18208136,
16.19938642,
-224.47279709,
342.51495329,
-371.46663443,
669.96060193,
333.74458836,
492.53087105,
-79.46330322,
1589.60605565,
248.64444750,
-126.62891566,
-341.02763102,
525.18653369,
-39.70067699,
132.72749962,
-259.63120567,
-873.15624866,
-336.94045970,
-1018.81048924,
1379.21134502,
573.28977883,
-413.56184911,
-524.20811715,
183.76500488,
754.99806926,
-30.70501830,
-104.84507663,
-996.46928821,
311.97083899,
223.52258819,
-591.24335093,
-159.45528245,
436.58071680,
297.39473333,
-165.30533092,
129.31299904,
967.39373045,
33.82403974,
-317.96693062,
559.53438339,
-500.90029265,
-295.16832706,
599.86265068,
-178.25261866,
0.56464714,
-435.05100553,
344.53267978,
-468.12332133,
-437.88355095,
373.78893606,
-379.94965795,
-1142.12892933,
83.21994264,
942.67327395,
-570.36393860,
-1118.49797586,
353.18574954,
609.79005830,
560.57937962,
-492.69647676,
-709.65690948,
377.31885267,
240.79220758,
-956.59880864,
452.36461138,
1232.69864052,
-197.54196278,
-484.52849108,
829.25812366,
268.82697089,
462.76616477,
-1214.19904878,
55.00941824,
-1013.90122797,
1071.27856490,
-463.97238407,
-56.50206236,
881.29879373,
-763.19009551,
-724.26481247,
137.05485384,
-555.93754629,
-92.99873527,
195.20249843,
616.94060684,
72.23508456,
-56.67812291,
421.49465852,
-189.17618707,
-110.52429118,
533.45276817,
524.92851737,
-358.96222481,
633.08340210,
-47.32801199,
613.56470208,
307.22675039,
244.36286758,
384.11400812,
-552.70140879,
896.55388164,
176.71047600,
-123.02990940,
786.23117041,
-922.24776363,
433.54597723,
164.00854025,
290.60114598,
-334.58762187,
-1085.52973198,
-423.95393853,
230.36676961,
903.10944761,
346.01855189,
489.94352213,
179.47633589,
-123.00570094,
393.67925175,
872.92926691,
-879.50779139,
471.48248590,
328.17545207,
-132.48388790,
-266.09066011,
200.59787558,
-37.47749743,
-872.69857584,
590.41957611,
56.87768209,
-478.10753854,
-1242.78867750,
-280.97383528,
-367.54353921,
-293.96491679,
171.98425996,
-147.59263876,
558.47559037,
223.33216126,
87.54446451,
-552.30336919,
-319.74792267,
467.38927616,
-315.97415189,
505.57807242,
477.39820503,
-110.02415216,
-31.99992609,
219.35305918,
-496.72918916,
758.80482575,
89.93823374,
-41.80121604,
436.28127311,
124.99973152,
128.78700379,
-610.40469225,
0.09573879,
63.38230077,
-1002.41710148,
-519.61849187,
551.45363845,
472.08335813,
226.14326567,
397.91714469,
-321.28375862,
-929.13330528,
-279.35699179,
605.58127926,
470.34792333,
-712.20730074,
467.32440868,
-561.26073380,
111.30141464,
-1189.76179955,
691.16483117,
-614.00839160,
-590.92750593,
-248.73167624,
-730.42179529,
-1407.98746246,
196.56519061,
821.63547989,
294.24970554,
1372.80385512,
444.26141429,
-397.79534420,
-1705.35168508,
-1171.57632274,
320.12461533,
739.18001502,
-26.54601635,
946.88150677,
364.26912107,
1547.37812781,
-86.25170498,
571.20069385,
-808.34771478,
1719.00890923,
123.91259948,
393.68573497,
-659.34784046,
-33.54982087,
-565.82772768,
-999.92543919,
-418.70075486,
279.85235939,
688.00091666,
-496.35384910,
440.62278421,
-1157.94163899,
-1063.83146562,
194.25122569,
510.73620692,
60.66928349,
596.85446059,
-697.48706658,
65.63907177,
-858.57574782,
-172.44289834,
-953.78520759,
-1026.51848421,
204.18480420,
-1418.35741654,
183.48153887,
425.64895510,
2071.42012837,
-59.42912774,
10.55777974,
598.66043732,
213.54730461,
-495.51716983,
183.47043662,
765.11604517,
-1134.05287983,
582.10484218,
538.02210053,
-513.35226440,
958.97836901,
909.05438338,
-119.00635820,
-757.97622150,
-628.45160556,
2088.19959828,
436.76867952,
302.19808712,
900.50176047,
-309.97346546,
-244.61005641,
1256.71704414,
527.54867012,
-830.42997386,
737.16332817,
874.16278811,
-361.34290300,
-338.50581287,
-173.23921218,
1023.31298110,
-1458.45606635,
-581.81274256,
595.33867533,
-67.09661509,
-513.16593475,
-725.22912994,
-166.55732184,
39.59012310,
449.75246069,
97.69737046,
4.59223339,
84.33600779,
-1066.75904501,
985.29780172,
900.98175847,
-243.35365220,
-550.60804146,
1896.52577309,
-929.78269379,
-716.74499142,
-508.37135808,
205.72781073,
1207.42958681,
-699.14907355,
302.25833092,
-1259.10956314,
439.90818620,
-164.00696582,
1076.27891306,
355.89664726,
-495.12308284,
272.83374469,
-471.57295973,
1543.18901646,
801.19025341,
-324.41674177,
-716.92735201,
-1036.87645952,
424.88156293,
1349.60668512,
411.05494570,
-1993.16793800,
435.99867414,
1301.54358916,
709.09657451,
1280.85469239,
718.95025435,
-1870.96390052,
-27.30633004,
7.66393170,
-2177.57803566,
265.35934014,
755.64497493,
-1320.37128287,
513.03957190,
2186.07887858,
514.96993082,
404.76103038,
-918.10785911,
806.88223661,
634.40436258,
338.03703160,
400.92719554,
186.74276979,
-1547.79663584,
-957.70420569,
252.14560139,
-294.69632340,
-89.78276284,
-893.77539379,
-986.19803008,
710.24788119,
-306.81376061,
-430.17563415,
-1267.91284010,
410.75996441,
-194.09304409,
465.88867731,
-1896.64666555,
-652.60776722,
130.20849322,
571.45130270,
-852.43662873,
841.47166254,
-267.01208977,
-1046.77894813,
29.65922741,
53.48750269,
-294.27330229,
564.42505275,
469.10948834,
1633.17307269,
90.10795688,
-172.63222327,
886.23244945,
263.75770947,
-787.25278487,
940.85965449,
-158.26186230,
-878.36870780,
2006.65385830,
99.98668102,
130.87927567,
-777.16359229,
474.55204519,
529.01232921,
619.04679492,
416.01404586,
2303.19276075,
-220.64348315,
-508.28955433,
491.07344777,
1700.76256042,
-2222.07538794,
-51.78431937,
-708.12666597,
-744.84642715,
975.71973335,
-21.08716551,
134.69816645,
22.65851308,
-1276.67524211,
-1368.91766422,
-358.91201477,
-1419.11376202,
1254.70092189,
-868.77244395,
809.62879741,
-444.81297100,
-438.08450918,
1787.64765340,
-300.43723356,
-852.49696288,
1515.34520513,
939.65176752,
-907.70205486,
-825.73672029,
-463.78796014,
-22.14056423,
350.96237230,
-84.02430340,
166.54719109,
-354.73784301,
1051.06538166,
-347.82113039,
627.71585407,
927.35994995,
889.16017595,
608.38086750,
-1390.83378320,
945.78164329,
848.99274968,
-56.62227456,
754.85242933,
503.78920576,
-288.94613795,
720.74728948,
586.98094451,
1055.24717258,
1151.35864135,
309.98527819,
-603.36235237,
-1834.73091080,
-1463.62773642,
-667.94007925,
-53.40420400,
738.79698482,
618.51496144,
-672.69480517,
-1349.75179550,
932.94673641,
-465.64250505,
-902.26122408,
656.61247710,
648.68054068,
951.97954225,
-1329.54899945,
-1135.10620068,
-817.32754763,
1345.32014814,
862.92431088,
-58.78882260,
416.52427736,
2954.10180142,
862.63764887,
-433.59834227,
467.82284464,
203.18781140,
1147.65764284,
188.56023029,
69.98405060,
-161.43626159,
-507.13740656,
583.77454847,
-1229.12841791,
-195.31747680,
545.64645232,
485.24740673,
1011.12068172,
436.51214609,
606.67191543,
-270.14048593,
696.47892154,
228.06041229,
-28.60419826,
-53.30906053,
-222.25796342,
418.20268048,
-658.70720623,
-531.26578093,
-797.20381654,
458.76467349,
-802.76174054,
1121.30778221,
-1374.83596894,
-211.65931234,
100.60120157,
-1275.65770589,
-188.78395823,
742.32191721,
-79.64811765,
1286.48222308,
8.14893097,
-364.01374153,
1360.82366599,
1061.43780795,
1146.85022155,
-528.30638515,
-792.38488667,
2175.79006211,
214.44599645,
83.91454871,
-67.85959764,
947.82452352,
-339.57730660,
-1668.97473783,
-423.93436078,
-1698.75841269,
-72.94452378,
-335.00417578,
333.70927764,
-834.01895151,
208.65421469,
-45.59558438,
696.71910764,
-1192.53180676,
287.88015828,
-538.14263541,
779.36918236,
-788.43547097,
274.75033004,
-1885.55988322,
118.16390623,
-469.13290432,
-1556.82804190,
-862.25910258,
-983.77710919,
1005.20251610,
1283.42761810,
131.62227999,
206.36309478,
140.67079651,
-1487.07691587,
387.23944368,
-627.23777928,
1050.89574441,
1742.74712489,
2084.31855968,
-411.45023532,
-78.12414155,
518.66048184,
-681.12814131,
2393.58587641,
978.67516623,
-755.00388150,
-360.07863521,
-803.54068625,
896.30519445,
202.38351695,
-647.04856050,
-436.77788240,
0.48865566,
-744.20350209,
-362.65952186,
-731.41016202,
326.39798853,
410.81276365,
-434.25405686,
-892.08505071,
-1104.53711642,
1149.18753348,
1119.66135578,
875.45629383,
790.74042561,
-1104.02834709,
-1686.32627926,
253.34071500,
-255.09215425,
722.91815826,
395.64032389,
-654.44852882,
122.93083094,
1899.70482783,
966.40718067,
-242.92096880,
169.15743808,
-805.78546553,
323.32786754,
-152.76182373,
877.09128949,
1293.35052142,
1334.06570219,
-1183.78790379,
237.42484590,
-556.34060655,
-1052.36898640,
-881.37635953,
1221.58402603,
-165.70628811,
-180.02422900,
396.04611806,
523.43567809,
577.11789969,
257.44462972,
622.58329570,
-864.71344601,
-1961.53345560,
1958.48083957,
-233.41717902,
452.78560166,
-1228.77147715,
1991.92648850,
-197.34325150,
469.28543804,
-388.66462661,
-248.08156135,
502.32356698,
528.71423183,
-1246.10936520,
287.60843135,
1082.51215963,
-1341.94603603,
-315.63422844,
726.49719184,
-279.17341026,
1210.17996609,
1686.13795872,
-1349.65179816,
258.31054162,
-782.29940015,
-222.75702317,
1246.57609098,
-1338.85987943,
-1529.25368699,
1005.06469566,
1794.34672235,
928.98547986,
-458.93629489,
-8.35853229,
1478.77096102,
-203.84685927,
-384.45566186,
-545.46595068,
627.59257468,
-2572.14420728,
-448.24023272,
-20.82434970,
1476.79007190,
791.71895218,
-457.65070732,
1109.61022572,
283.72468485,
-525.53422952,
-939.95554730,
-413.87194265,
282.68154057,
33.58502924,
91.97097046,
-963.76320531,
-900.92219280,
725.24479856,
-1244.20097886,
1521.25367993,
314.56194599,
-699.31067595,
-1509.06562830,
-1146.83730237,
1348.30132153,
579.92529554,
-634.77478388,
160.50155320,
-502.01510350,
-920.46506981,
1303.31289819,
1.67042242,
-401.64737101,
-1481.66684548,
-85.27306567,
571.69843442,
491.73917898,
1074.00199979,
521.44588725,
1044.52807306,
-659.29235599,
-345.37506598,
1232.21373412,
-1136.48223534,
65.74544546,
-271.43717995,
800.47519825,
370.03161731,
-453.23456739,
-509.55983219,
1175.10447242,
117.72277075,
543.01008111,
-624.47971973,
-6.98069346,
-856.67404427,
155.26325279,
-1184.61260021,
1120.36028943,
-839.81002342,
-1120.76125309,
731.33940979,
-848.84252283,
592.18630028,
834.20342800,
1014.21412665,
605.80794392,
873.91179194,
695.95843696,
781.47613080,
1131.98193687,
115.85541154,
733.39107644,
-1018.87642422,
1270.56589763,
-1487.98848634,
-1838.59202118,
-55.65434497,
1258.84640402,
1851.24523964,
-1536.52270147,
688.34266553,
-1797.38266117,
-1345.44396076,
-202.81681232,
676.44685267,
1183.54138845,
-1054.83689539,
-1071.17673682,
-142.07490601,
-840.11033152,
-546.03541402,
-134.56791198,
-682.88285107,
-975.38811481,
-107.61754337,
1070.29469907,
-1046.66638936,
329.21745791,
885.11010648,
-316.75728995,
1356.38240509,
-762.17623831,
41.50396752,
-631.17130997,
164.00276719,
-1122.68678540,
-250.83025942,
-1719.95841319,
391.86652352,
-31.24442696,
105.33993414,
331.43024619,
-1786.08831802,
-1278.42842784,
-755.81224481,
254.44119018,
519.81073203,
192.05902348,
-617.78979185,
595.38458148,
1943.99301814,
-568.46593912,
1050.67975894,
1221.24380739,
-459.84251391,
784.83338397,
1304.72869747,
-629.55455324,
551.36761782,
773.97621994,
1172.86884729,
-372.26648126,
81.42194064,
-1164.55750575,
-75.98320124,
2037.89510560,
-233.79843250,
1023.51064237,
-1282.29033925,
30.82826054,
-343.31637906,
-890.97419481,
-1589.07675619,
388.43980428,
-206.58837980,
181.81642010,
-316.30169787,
-116.24859884,
164.26771094,
543.31208431,
1586.27361414,
1186.03551496,
-679.94940564,
1414.46973461,
-629.59194404,
128.97555734,
-295.82698736,
-201.10789099,
350.60585640,
741.02956378,
543.87478985,
247.16334154,
555.67755212,
1363.49075086,
1447.46065243,
346.47638437,
260.67742185,
149.78341029,
1340.94008509,
-1413.99060387,
-945.24738091,
968.76587617,
-224.60287830,
625.34817590,
-718.02907385,
-445.57824881,
-879.34843532,
236.25466277,
-1042.58616245,
-77.72013235,
-1582.89009351,
-146.15096776,
-1480.27891111,
1498.03493101,
-973.56210232,
-1827.29920862,
-1801.61510192,
-1032.73759809,
452.55473885,
-2696.09555480,
-2799.26043638,
-784.98890746,
1196.08847844,
665.40642101,
-448.36535673,
-1180.89514544,
423.41627663,
1969.06076819,
979.85048643,
491.22243688,
1278.94575712,
-728.28449710,
-196.64029108,
-508.94296331,
1237.26545187,
-963.87548114,
603.81699450,
540.71787558,
434.98702865,
-374.39118559,
535.81636820,
-454.05812008,
30.07701414,
1115.46368956,
-931.57486231,
-1970.30874706,
851.56265480,
-450.03222392,
-865.17067672,
-1019.40109793,
-272.98441001,
265.68285179,
1030.43330451,
-333.52543467,
427.09568635,
1393.39476424,
-557.30207171,
-723.63710266,
-98.38600413,
333.89014860,
-608.00617013,
-1414.70835024,
765.67872013,
-162.41677883,
-739.39060364,
646.84357165,
-1081.75105880,
65.78695196,
-726.22542158,
931.69410117,
-900.04876128,
-624.55927074,
654.78318027,
-133.01679233,
-1527.35238410,
440.94016455,
-786.10312118,
375.12204502,
681.44542300,
697.85368356,
1080.71642895,
-287.53996682,
871.30080948,
-1494.06773323,
-1262.63487987,
2069.76192012,
356.40053554,
-67.33687464,
-1002.53885401,
-1393.49073985,
1128.72655084,
-66.18539047,
387.42692802,
-1422.11201414,
1920.37725444,
-1974.94036070,
-347.88109726,
486.38943363,
-1567.12679991,
600.76433769,
726.06092951,
-501.34105575,
-937.23987014,
-278.40920308,
210.10843518,
-299.22300817,
-756.06848664,
-1225.95988089,
583.27880911,
99.53941420,
167.79251492,
-197.05887291,
481.74373581,
1187.82436582,
946.78797847,
307.47258534,
-1924.17536849,
-930.83148476,
-97.86324939,
254.43046867,
-2436.61751037,
821.99347430,
732.92768039,
-158.37841034,
1323.97765911,
844.05747838,
33.76622804,
-280.88842839,
148.60154832,
535.14243706,
202.17915870,
273.07168283,
-667.93665637,
-469.74355688,
-249.35830590,
1477.76817494,
294.34524280,
-1133.78231849,
-244.54332218,
316.25692765,
1094.56987764,
1529.22338495,
129.70209762,
-70.07187138,
1316.58586401,
1217.09737324,
1000.39522492,
760.09922903,
-97.14174125,
16.26276869,
-520.08536221,
-243.46633930,
-33.40297650,
-252.19546710,
-683.45008094,
-178.56873072,
-131.86282810,
45.15242462,
-1524.95799780,
323.16582119,
-730.41404989,
-1022.48799684,
-626.13764771,
1505.26325225,
179.53998405,
279.72658928,
-628.82180199,
142.82663320,
-1383.71273709,
1628.63763877,
998.93628834,
-1672.73775959,
-1436.22799661,
20.69425993,
895.79125597,
-576.15216700,
-1911.14452950,
-989.41062068,
945.53668895,
299.45433446,
-948.29577185,
266.00607255,
392.98225658,
-380.78485611,
-567.29292504,
-1012.49009318,
-493.03798169,
-1040.63977526,
695.23483994,
-1156.62299125,
483.70803341,
1392.50296104,
1295.89906335,
-167.95915812,
-435.86062398,
1233.71869946,
-471.03348734,
-1690.10596732,
1584.88966730,
363.72832230,
-114.20149299,
-188.12868502,
1342.74648893,
369.11136866,
-2405.12391813,
-673.55131847,
571.70337027,
267.22869097,
499.32231466,
931.33871186,
-261.78496317,
-705.90390931,
-739.92269941,
715.02697166,
1250.03610086,
-188.26456211,
-475.64290213,
338.35010826,
606.29236406,
956.84621413,
-1888.98204682,
242.35506905,
1865.72062955,
116.42297742,
-1529.15825797,
-1186.17032120,
-415.29183056,
-1194.68559400,
1195.69995606,
-682.00524324,
-944.49670662,
-319.38516946,
905.71524160,
579.85332189,
1259.98805911,
563.26263430,
-450.22188469,
565.19977553,
1467.08165475,
-465.51806294,
600.28941073,
-2352.28883014,
1188.48789297,
2116.57675049,
-771.53351248,
779.46805340,
1156.65354016,
-322.19964574,
-361.47064287,
-116.77446258,
893.26363535,
-327.92772729,
418.05630060,
95.32552698,
-1729.90943248,
73.24496987,
145.23054567,
489.49068412,
95.44141341,
271.31733849,
1160.24001729,
393.10523629,
-395.01579206,
-162.10770645,
-121.10621372,
198.17162137,
-1442.97103941,
-619.35308274,
637.44515760,
-180.99382868,
-19.84029283,
-204.77132901,
-1342.10630300,
999.93308606,
-798.81512781,
934.50813417,
704.32123285,
1457.52835620,
2073.06687466,
-351.29310254,
-1079.67510701,
-725.63938235,
626.13958463,
605.82713997,
192.99284130,
-1402.98026939,
-797.66187191,
-1539.40911276,
1357.29415442,
-234.76699658,
707.06664710,
-1513.94956568,
1980.12873073,
621.02910097,
-46.51088179,
-2060.75420636,
400.50493376,
-558.10172174,
-980.81153217,
318.88016311,
-638.85190408,
-532.79881160,
-969.77090835,
-494.51213797,
-234.61882174,
-377.52256844,
-122.44031032,
924.02674303,
-954.52593301,
-713.03626700,
-244.05843192,
-596.71793461,
619.85338231,
22.96668706,
-1753.19182656,
1863.59023079,
-17.32145252,
274.95819139,
5.22405723,
-88.80468888,
1003.34882250,
1005.72142197,
-2851.05457989,
-711.32999021,
258.42448875,
-75.84873537,
1169.36297653,
-77.08918536,
-1587.92285676,
505.70528026,
494.20305754,
-553.26547594,
-169.38983492,
-381.84354472,
1226.45550385,
1299.59076126,
1579.16750818,
-970.06217099,
-1477.04847569,
28.41851917,
747.71581594,
-1045.84002262,
-2.85639991,
811.43233336,
-3165.90505432,
-823.59025566,
669.42149588,
551.49586933,
182.34250689,
1766.05735446,
-508.74447066,
-436.11009933,
-293.80580318,
724.96410337,
-649.15290216,
1827.12771687,
633.16467660,
897.15397893,
203.49230334,
465.38994621,
960.97025173,
1078.01010664,
-326.99334055,
1002.70899104,
1765.98527835,
-207.68726703,
-180.24370982,
-307.30612355,
-649.80729546,
642.47259075,
-1536.36672818,
-47.09794075,
-743.62202035,
-869.75574635,
784.46841240,
1245.06593742,
-485.85387054,
854.46298399,
-1106.59076361,
287.13892231,
246.58110466,
-273.27208897,
-87.87887098,
1706.15625119,
1667.59148001,
-1209.96891936,
-670.50345752,
-1520.40798112,
1006.81708690,
702.89384561,
-450.76342085,
-774.03004536,
458.46047550,
-617.25861827,
1116.95810174,
989.83884580,
387.43125913,
-747.54474942,
-2666.57887553,
997.05258441,
867.79673872,
-979.79244061,
649.71496157,
754.95131095,
1027.46227016,
-1375.26691360,
-1016.13732641,
190.06852456,
390.02754632,
1376.30265126,
-336.73995095,
-453.31578777,
-130.50519274,
-147.50322326,
902.18060763,
-485.74590860,
938.75840426,
719.61977986,
1698.24409533,
1942.53551649,
-118.03625524,
63.27433514,
-543.89454232,
527.78443763,
16.39325715,
-610.26930858,
618.53109547,
-1851.31025021,
1326.12086068,
-1130.71059258,
33.99583789,
-1502.27592870,
-81.09145553,
1505.34164589,
611.01950848,
941.45296724,
-227.17738467,
913.99106028,
464.79483972,
588.27729053,
202.67783860,
-310.37924173,
-1770.32118866,
-136.60251117,
-462.60933866,
-628.90420656,
-243.70111185,
274.81671856,
-321.22927904,
-711.33742681,
717.18529440,
1325.90249073,
305.18923075,
1337.41505514,
574.87393895,
395.96814724,
444.14249271,
-159.32443891,
-1718.59099567,
-87.71663067,
-1542.89289691,
-1205.35313502,
191.18653048,
2077.55657324,
-1085.07988095,
-822.81115921,
230.37947801,
1096.61603767,
-1246.08477730,
1611.28758973,
-383.06981803,
-312.09579569,
1558.28447237,
32.54685338,
-168.97313358,
-264.60254156,
-244.44351273,
1268.38750514,
1695.38469177,
-570.14986296,
-116.19601714,
-527.10551857,
-254.41616684,
-1066.64194858,
1347.22519705,
-116.92341086,
-1162.74708230,
1258.47452279,
179.94678716,
-286.65179894,
-699.93739765,
-833.21186658,
-1616.79716502,
1277.14454959,
-913.47666595,
1573.24146609,
2530.96836700,
-46.03641137,
-45.85936771,
732.70727020,
840.97176087,
-26.81358466,
-54.97495706,
794.47779070,
795.90993070,
-1417.64250837,
-543.53979920,
590.20491605,
-173.96492657,
-1232.80945479,
429.54911496,
-147.30998106,
495.57514550,
-1190.44286679,
1334.37834004,
381.04435016,
-1147.18589373,
406.45754309,
653.79251089,
846.54809953,
-167.40165440,
87.02218931,
189.47631208,
-1480.56578914,
-253.70146173,
156.35082569,
-224.69173494,
-1037.49512611,
195.69047827,
60.18207833,
-366.00276148,
664.09408435,
-1487.56427580,
1583.94464181,
17.13271630,
778.47330398,
-249.81957470,
261.57352726,
-386.73526755,
-246.68620982,
-757.26933145,
-1602.90343287,
538.14814954,
-869.00608438,
380.20238565,
-195.66784593,
1286.56593593,
303.43318511,
-125.29588743,
8.10750266,
740.60366657,
675.94819435,
-87.73216089,
-420.38024997,
-240.01070085,
316.22331320,
772.97576494,
73.67970190,
-480.14204239,
-667.28397725,
1204.44415554,
-9.08935866,
337.50475575,
728.62527458,
-313.86485346,
-2577.30713541,
2069.27531039,
-1325.12895405,
621.42539737,
-1348.04531430,
-1661.34962794,
-1781.39968496,
424.03602152,
-238.16149742,
-252.71550269,
-30.24238934,
834.43024391,
-695.90617174,
1223.59375066,
-612.94997340,
539.19627156,
881.39098166,
-1454.75744649,
-249.11778172,
1316.68802114,
812.88698304,
218.31712303,
-1524.50284056,
121.11927170,
-144.97824342,
-808.08870820,
1285.69121493,
1273.45847868,
-519.22639720,
-1285.00679480,
2578.85664310,
-1503.08819246,
375.83320171,
1060.53622559,
22.23017382,
1306.83440318,
-343.85658179,
-266.25669599,
1550.20748132,
1067.05270511,
2540.37010718,
-917.04340473,
-1287.93018137,
350.10530027,
778.58602744,
-1442.83710458,
145.65927987,
668.05530944,
2100.96576293,
-903.98516602,
861.60668459,
296.46274243,
207.94643934,
76.58663101,
-1494.47037449,
1179.56770860,
1763.38189943,
37.11449338,
747.41559559,
-1563.87513965,
-908.73366190,
1004.99415216,
-133.33738533,
-870.54531906,
-339.57171437,
-717.29332628,
75.48156735,
-677.23496104,
-921.73639568,
-394.33828919,
-94.33672273,
1811.55699820,
-253.93399950,
405.02966909,
-120.34807183,
909.39137061,
-2076.34499742,
-839.27475074,
-887.86798705,
-160.97471246,
-655.76869938,
-353.77065812,
-2290.07742863,
461.66190688,
483.69694642,
767.05368926,
-202.33862211,
734.40742554,
-730.73997023,
1292.46616118,
-1219.60522008,
-479.24947321,
2442.51881005,
-802.15768743,
-1561.31396846,
-45.75696750,
-644.74668851,
-1396.31088593,
-1753.04158830,
-87.07591246,
-476.37102194,
530.33888390,
399.18324078,
-198.40357498,
-45.12384623,
977.40466419,
116.87133513,
-1378.75237374,
450.13560646,
-39.27197199,
-285.89264008,
269.77820007,
1456.56052581,
1066.43841057,
-402.16416438,
-362.28742812,
-608.27422957,
63.87800694,
2102.03669560,
149.65718809,
-478.70351720,
647.42706154,
457.19330355,
-210.31955125,
309.32796953,
37.56462316,
-787.14487302,
-771.77621418,
-481.49444388,
641.75039724,
-847.00112591,
671.41168269,
558.30574164,
473.81163111,
-692.41317034,
839.84750301,
1126.64248689,
-240.71942337,
271.81831562,
-707.85302728,
-61.30358074,
276.75365252,
-1200.46913624,
-215.80679604,
-19.71074864,
-997.57518757,
-1482.74578572,
197.52122771,
1656.77901093,
474.59841359,
346.30766047,
303.79065995,
-168.53267141,
-228.71655966,
-221.38052192,
51.67617117,
-102.77185350,
-1568.52021995,
-2532.78952502,
662.99454221,
-2036.61970160,
699.46127774,
439.80914584,
14.54223472,
1438.52990829,
471.81734748,
-135.75581183,
789.16418485,
936.70741951,
-267.49515879,
229.57082242,
-1137.73896465,
-309.59194020,
-621.92512540,
959.33926673,
1126.98428669,
113.18867796,
-615.82969032,
-1591.53337126,
-1528.69362239,
2232.99263567,
-419.66800614,
241.89735792,
1159.95291235,
-482.69934411,
716.22245034,
-1454.43428746,
-823.92867598,
794.71995566,
-32.99148108,
-683.07872874,
926.80870190,
-751.21267416,
-452.72309804,
1461.23042012,
-115.08691336,
-747.65206345,
1238.93009096,
-280.00758834,
1294.07714426,
1172.82995941,
673.09327213,
-1562.17455913,
459.47890443,
23.91324143,
280.95896334,
-1150.11572285,
-392.70756015,
-375.28253702,
-1022.85600034,
25.37965145,
80.71841052,
973.15674970,
-739.15243481,
-600.17007940,
-1117.14934036,
533.65615085,
-2230.03288396,
207.93974680,
386.75035348,
1693.56043711,
961.10769001,
-734.67684769,
-85.71240389,
828.25884514,
1898.44673916,
603.73727763,
1890.70288634,
-882.32888585,
221.01212940,
-41.82589999,
-180.58644822,
1405.43066723,
-510.16225755,
1206.39290149,
1264.28715414,
1700.92666645,
1273.37758684,
714.22923360,
1047.16146703,
-852.78043637,
234.86293851,
-848.97160236,
552.82116854,
-1734.87798598,
1483.68641414,
1317.24557508,
193.72081650,
1374.61602330,
-1781.59877564,
-1183.61545444,
619.97402312,
3124.93571572,
1365.20778661,
-1384.38528979,
-2046.75850379,
768.27526564,
-1019.32145658,
961.24398936,
1037.92246600,
-116.32455440,
244.94003279,
-798.97615867,
177.15971463,
1759.35619386,
2168.02059018,
93.55270201,
133.38787926,
-24.83304729,
846.99971104,
-368.68097092,
-2.07018758,
420.00040680,
16.90356081,
1842.18345354,
223.34164884,
715.13146280,
-428.51127082,
843.03296388,
-234.00351287,
733.88374400,
1468.73758787,
-299.02691274,
390.13847185,
-563.42041094,
-392.74099131,
591.87622722,
-517.36005627,
1429.58753519,
111.41581482,
-346.05652174,
-81.64461815,
-1129.67461188,
-2483.90310572,
-595.08493216,
-1102.87545437,
1735.09893571,
-1258.47029734,
110.05583286,
-540.14283425,
-1359.30066711,
76.91132110,
-1779.80541910,
-104.34141507,
695.66255101,
-1879.67194172,
-16.74806438,
-1995.89827625,
-1628.06837368,
702.84920608,
-1705.08827768,
152.50019709,
-10.32030032,
1095.52569894,
412.66035751,
506.72074010,
-541.62429532,
-203.07310519,
-1795.39171528,
-80.14888479,
-837.35350314,
823.06018277,
106.44117101,
-137.81193663,
368.17536424,
342.73850751,
209.90616768,
1466.34938286,
2513.17356327,
1352.20100331,
-534.55366607,
-148.78638843,
-1316.95539695,
-128.41273526,
667.88810024,
-3246.91668564,
442.07777069,
-1290.82691545,
49.70176542,
500.45515661,
1835.93642550,
243.21614008,
274.65668577,
-879.81084951,
-108.28834123,
1127.42861092,
300.57438794,
-362.66171878,
-1181.92533015,
570.86128100,
-268.95337262,
1116.16553630,
1462.41113268,
-104.56835205,
236.25938854,
-1555.58359426,
-20.85113719,
-1278.04541222,
-286.91630201,
-727.38548741,
-2298.86306590,
5.49154763,
760.69359202,
-1127.12511393,
590.14470934,
-26.71013678,
-911.28972305,
627.84226772,
-441.04112972,
970.45489401,
721.32220158,
1388.22108899,
-812.68664897,
-1035.30103029,
866.11417881,
313.00622231,
494.75555703,
2179.81127033,
1182.08575352,
315.08746615,
-431.61825014,
-323.73674613,
-1151.95311562,
-336.11284119,
2687.32151433,
-1278.19966911,
-1530.21461112,
779.41062725,
697.38274307,
-1193.83120933,
-1443.14859025,
-987.35437889,
1255.02490610,
835.68494078,
-949.35474709,
1013.53563419,
313.59844889,
231.95363500,
626.17060510,
138.69472866,
679.82368355,
1344.78670181,
-139.54529289,
396.98722747,
463.24295424,
756.04476399,
349.27366648,
-136.47433205,
-948.02813388,
686.43548214,
252.11505498,
-1001.54698074,
76.51452865,
879.42265676,
-264.17010420,
-351.56905010,
749.29028818,
-617.09679787,
971.48519546,
-1096.50311243,
375.28711892,
1426.68203409,
588.02357731,
734.42494187,
433.93204551,
1240.47854635,
795.26571861,
-26.01447461,
109.21749882,
-53.09852714,
266.46881493,
-1399.96389618,
-760.06732479,
-1676.38072991,
-1209.49431806,
-614.85758338,
-272.55500451,
-576.43166936,
-1479.07350203,
582.61176704,
-921.91942814,
571.10237258,
627.09056526,
569.06025850,
1619.75632579,
474.63405966,
1166.77864994,
-227.71322533,
25.20001306,
371.07653065,
123.41954503,
1065.68136150,
-1389.69624736,
1100.94912317,
812.07653259,
258.08107114,
833.23113400,
68.30354051,
215.61227598,
1466.29016505,
909.79006611,
-1795.27760934,
469.78299247,
376.77576786,
900.05087853,
216.63497286,
1940.54090460,
2143.29448559,
-560.67263953,
435.58404985,
585.41091107,
11.58626916,
-788.17701144,
1161.46052216,
980.38143727,
346.91300049,
914.56841579,
-1262.02528432,
-1072.50786865,
1045.01895574,
-1583.01680526,
504.50787476,
-210.42078654,
816.76378336,
1840.85517839,
-527.49886343,
791.48675271,
-382.51911103,
-263.18818299,
2123.28612359,
232.35384668,
375.50136852,
-915.25775579,
-803.88699129,
-377.43695803,
704.50229258,
1916.89640886,
256.35041660,
-23.91312093,
23.11070236,
-1364.55522422,
1142.64067590,
-1183.28747639,
657.02663956,
794.87622917,
-351.51631094,
1180.58001527,
-660.09941896,
-888.78759209,
741.15289111,
-57.30096537,
672.03476116,
-1002.72402148,
1424.00888593,
2066.49987311,
-1252.15180808,
1968.55497486,
135.09603418,
-405.17132013,
2490.60851861,
-122.15959847,
-857.31925486,
2180.66875836,
409.02822577,
1720.22152472,
845.89509543,
-895.50863642,
-439.62081154,
216.73831288,
708.96302281,
1741.49349224,
632.51601705,
-755.08112310,
311.83058356,
-1131.35841378,
404.15770842,
-1842.58579249,
1409.18329279,
357.76102493,
-355.96573699,
-861.71739647,
697.82035207,
856.92719769,
-1227.49518438,
1166.93856150,
462.14740727,
1604.39078508,
793.46240211,
1565.13323435,
432.33205605,
-358.51206249,
-861.04214933,
-3053.82273282,
-1851.36199523,
1766.68100246,
-457.27356483,
1805.26512679,
1259.96942038,
804.48440873,
699.57978049,
-1798.76051440,
-331.42557103,
-816.74382138,
-1543.27562473,
-1377.94952683,
682.48535540,
-92.21319872,
365.09167403,
1342.86946529,
694.75306733,
276.15903712,
-866.28064785,
-1028.57308635,
-179.87594673,
-772.67144360,
1035.23757375,
-170.57785024,
-2003.55895602,
-251.68923179,
-1060.88747148,
216.26448920,
-42.61001216,
-659.43830360,
-1133.10482979,
188.89731689,
-1605.67935707,
-628.48696315,
-763.36500766,
-576.58464486,
-741.91871509,
-74.37806447,
108.32279074,
1179.05873998,
428.50945084,
1980.86595827,
-780.39968689,
-1114.80088122,
91.48772447,
-6.18264031,
940.59735122,
1615.02289102,
-152.19728189,
1428.28438729,
-817.52714150,
-271.77042854,
-1837.16304276,
-588.36112215,
-305.21573093,
184.71991972,
-1086.88659493,
-538.50998075,
-470.14497156,
-1041.19815680,
1287.33849666,
827.04828787,
-1416.51054828,
-441.97483636,
-1100.09568423,
-287.60018667,
948.62268900,
229.97976417,
-643.57067066,
-2012.63844821,
-23.79140799,
1188.20499021,
-29.62442696,
158.27730360,
-278.48065267,
-440.17916854,
-398.28425029,
1018.68152528,
-1096.26104538,
1120.39572801,
753.71149546,
-142.44404859,
-590.94356739,
1654.86567009,
-479.22934185,
448.98708436,
-985.24883367,
-1188.98772985,
-1287.42054967,
40.43379300,
754.57745778,
-188.55824519,
18.93879231,
-1280.52128789,
-1099.61552341,
2036.70490719,
-259.05964802,
-52.61407280,
-1601.04887995,
-34.29529099,
-806.28469181,
1847.75178386,
-571.59221751,
1326.12557311,
-522.73234245,
-482.70315987,
1114.14752090,
757.89718686,
-344.08446567,
-512.79240430,
-578.51771902,
-345.69120926,
-304.67886043,
6.27366295,
831.90261352,
663.17339951,
-467.08068052,
-566.67026795,
-131.88952797,
-1614.33866008,
-1093.52280394,
-481.13708993,
-58.68118551,
801.37126551,
906.41925677,
109.13308980,
816.74024920,
2257.64206340,
-1767.96167112,
906.64953068,
-251.99059532,
303.13699747,
160.23260888,
221.01746984,
-1124.31650016,
1518.87092041,
-2595.19914353,
-422.26717124,
-865.51813511,
-13.59272059,
1383.23064575,
661.46736945,
1496.27847437,
391.26699325,
1655.73922643,
-137.64184891,
-557.72765721,
-984.37902059,
-421.66455142,
1684.48031937,
-1357.21235669,
-1981.09226390,
-525.29168955,
-1170.88397799,
-1290.02116550,
439.98376661,
901.78142501,
643.03064078,
-380.37464516,
-533.46754980,
1375.03502819,
5.15648595,
657.61836892,
303.58694485,
-297.62045886,
-1172.24782437,
-611.47027692,
-437.59382227,
-134.40070428,
1367.35043501,
369.73276710,
1001.68274735,
-376.40038514,
992.94535890,
1419.50226401,
-482.58619470,
799.73613502,
135.17428899,
-410.04180847,
-132.48526307,
-1097.25832648,
-1059.61244810,
-903.47739770,
-276.47678822,
629.83925613,
-810.30811974,
809.07309318,
-297.17721282,
-636.08240278,
108.83992508,
-369.75646133,
576.61583210,
534.48891582,
-175.38751793,
84.98965060,
990.50500966,
259.56631673,
909.98906179,
-1193.23229637,
-246.60260991,
-131.13019835,
401.50196186,
-2445.99234317,
-2413.63958224,
1437.38436381,
-850.07733621,
1105.66078679,
960.17290239,
-542.71275710,
-842.99108746,
25.69192616,
412.01940260,
-836.11245336,
1000.35316971,
1496.76262271,
-1387.68740226,
-609.10219323,
-397.84212841,
-488.27693280,
284.89564503,
418.38397947,
-288.14216900,
165.09781159,
679.43902156,
-1673.98959341,
-1343.69428947,
-1286.04694782,
-918.80124153,
195.86967246,
-1218.06131478,
-1194.74896239,
-699.73321687,
800.35790574,
827.82533318,
621.10199300,
1221.24509665,
1243.02560731,
1086.30767029,
1126.95674016,
277.88263236,
237.96988321,
-766.75634223,
-342.83741365,
-920.06868286,
66.95169274,
-427.85848374,
-552.21016415,
-9.22573296,
-717.45875477,
-51.65607749,
-2277.94974968,
-847.50581962,
-68.04877949,
1140.18234096,
-405.50726696,
553.94263451,
2300.05007781,
625.78639123,
-1273.05650910,
-353.31584867,
184.20543074,
666.02746806,
552.98699002,
-1099.78453661,
-72.27724267,
-577.71236816,
959.58282560,
-2.84700984,
-1059.03845903,
-925.81290834,
52.97838259,
784.37304562,
-453.53724418,
644.50383520,
1883.42035568,
362.73752329,
932.61545663,
-763.45865107,
760.53393259,
234.68437092,
-139.96396963,
1453.58277457,
701.13039966,
208.18319303,
961.45083413,
594.56894888,
564.31251691,
549.05954111,
-633.16470527,
678.23741108,
-515.13681687,
496.17718309,
903.89209761,
-168.67105897,
-360.72299016,
821.87230461,
891.45397897,
-496.76155833,
-851.00821887,
896.64769382,
-1514.63754088,
1049.52993612,
141.47249866;
