-0.593048,		//expected values
25.1519,
35.9307,
35.7054,
33.7506,
31.956,
33.075,
31.2042,
29.4565,
29.0043,
28.1189,
24.712,
25.8837,
22.7023,
22.0945,
22.4409,
19.6851,
19.6441,
18.8605,
18.0119,
13.7145,
15.0486,
13.8855,
12.9062,
9.7618,
8.12521,
8.98029,
7.91704,
5.11818,
4.87299,
1.8642,
0.146179,
24.5855,
39.156,
62.7056,
68.769,
72.304,
69.7583,
67.7796,
65.1814,
58.9317,
59.8634,
58.303,
54.8463,
53.7244,
47.5993,
44.871,
43.1146,
39.6538,
38.0579,
38.7894,
35.829,
33.8524,
27.9403,
29.0961,
25.8683,
23.9239,
20.5992,
19.6522,
15.9066,
10.0278,
6.23654,
4.32159,
0.953369,
39.5623,
61.2986,
71.1554,
60.2414,
57.112,
56.0126,
50.8377,
51.693,
46.8077,
48.7492,
46.3144,
42.0401,
43.1288,
37.6876,
37.9123,
36.9708,
34.7995,
31.958,
28.0974,
26.3067,
26.6093,
21.9782,
20.1127,
20.7542,
19.0045,
14.1002,
12.8481,
10.3854,
8.52596,
6.48338,
7.18045,
0.251984,
39.833,
73.7963,
63.7279,
59.5339,
54.2069,
52.7748,
51.2707,
49.2511,
48.5729,
44.9204,
43.6005,
41.5926,
41.964,
41.2648,
39.101,
37.5159,
31.7184,
29.4633,
31.3028,
26.1245,
26.9356,
21.7358,
23.1546,
17.7939,
19.1079,
17.1028,
12.3641,
12.7164,
11.0522,
9.44879,
9.11699,
3.02922,
37.968,
79.4712,
61.727,
56.5556,
57.4712,
52.7783,
54.0224,
51.8051,
46.8376,
45.0169,
46.6411,
44.919,
40.2754,
41.102,
37.6617,
33.9879,
35.0222,
32.9344,
28.9686,
28.806,
23.6963,
24.6402,
19.8743,
20.8147,
16.0315,
13.842,
15.2962,
12.7396,
8.349,
9.14536,
9.31654,
0.868759,
38.642,
78.4088,
57.6129,
55.5761,
58.807,
55.7867,
51.7484,
95.9278,
185.813,
254.126,
254.238,
213.95,
117.963,
39.1357,
35.672,
36.5691,
34.4117,
30.1906,
30.6432,
25.8105,
27.1503,
24.9406,
19.8268,
18.0681,
18.7959,
13.4894,
15.0446,
10.1058,
9.9447,
9.09973,
5.0197,
3.45284,
38.6658,
80.0509,
59.2765,
60.1549,
58.5989,
47.5808,
120.145,
254.109,
255.315,
254.149,
255.106,
254.85,
254.116,
199.266,
156.013,
198.993,
197.354,
152.702,
113.233,
42.6004,
26.2534,
21.9296,
20.2201,
17.71,
15.9668,
13.3913,
13.0949,
13.6803,
8.19176,
8.51436,
5.44489,
0.355499,
39.4977,
76.1294,
62.17,
60.7056,
52.1267,
93.8444,
254.559,
254.375,
255.616,
254.742,
254.753,
255.17,
254.716,
253.766,
255.087,
253.766,
253.588,
251.685,
251.145,
248.32,
162.631,
35.2599,
20.2228,
19.1539,
14.1122,
13.5433,
16.9463,
12.6919,
11.9156,
9.27592,
5.28035,
3.33374,
37.7098,
76.0995,
58.9094,
57.6481,
48.5559,
188.643,
254.52,
254.255,
255.684,
254.625,
254.682,
255.323,
254.775,
253.977,
254.534,
253.944,
253.379,
251.185,
251.063,
249.103,
245.968,
232.605,
61.868,
18.5538,
17.9106,
13.442,
17.8693,
9.82439,
9.11353,
5.2316,
9.3217,
2.91859,
40.0527,
78.4231,
59.0008,
60.604,
44.3605,
254.602,
254.52,
253.9,
255.864,
254.704,
255.187,
254.508,
254.872,
253.814,
254.87,
254.201,
253.631,
251.161,
251.002,
248.823,
246.36,
246.404,
231.817,
62.1644,
14.8992,
13.211,
17.8993,
9.77876,
11.8923,
8.94901,
9.51262,
0.888428,
39.3641,
79.6923,
62.219,
58.1583,
44.5351,
254.097,
254.724,
253.584,
255.942,
254.345,
255.078,
255.184,
254.543,
253.719,
255.33,
253.907,
255.015,
249.155,
252.05,
249.869,
246.29,
245.815,
245.516,
227.813,
29.7045,
13.9273,
15.0992,
12.7085,
8.80457,
9.4491,
5.63657,
-0.241241,
37.6976,
79.6386,
62.2325,
60.6991,
44.5163,
212.936,
254.75,
253.552,
256.233,
254.164,
255.167,
241.218,
132.162,
91.969,
113.541,
241.018,
254.325,
234.307,
84.2664,
66.0962,
176.293,
246.169,
245.715,
240.991,
132.628,
16.2836,
18.3049,
11.8685,
12.2787,
7.53424,
10.2106,
-1.9317,
38.1838,
79.5376,
61.9762,
56.9,
52.887,
121.515,
254.694,
254.087,
255.275,
254.552,
254.89,
84.1133,
39.2549,
38.5415,
36.8755,
70.6971,
253.475,
209.391,
31.9489,
30.0219,
18.1963,
204.128,
245.634,
242.027,
244.181,
26.283,
14.6638,
13.6779,
11.5031,
7.75748,
10.082,
1.18127,
39.2834,
79.573,
62.2724,
60,
54.9434,
42.8924,
200.03,
254.246,
255.369,
254.549,
162.566,
44.2462,
40.6151,
38.1253,
36.3419,
30.6616,
168.972,
250.102,
169.165,
40.898,
23.7651,
90.2733,
245.809,
242.381,
243.959,
97.8591,
14.4531,
13.7551,
11.9468,
7.99026,
6.061,
1.3075,
37.5367,
75.2805,
59.4516,
61.2095,
58.3503,
45.7293,
161.772,
254.433,
255.031,
254.232,
96.7474,
37.1844,
157.388,
238.975,
63.4059,
29.9718,
97.4722,
250.608,
251.904,
193.246,
22.2116,
30.8734,
245.749,
243.203,
242.454,
141.892,
16.6845,
10.1447,
11.7875,
9.28909,
5.07393,
0.408081,
36.1667,
79.6521,
59.0929,
60.5599,
55.0262,
42.5187,
201.113,
254.329,
254.733,
253.836,
96.1769,
32.3462,
254.79,
253.369,
131.233,
36.5229,
25.2193,
238.279,
251.272,
249.265,
49.8102,
18.9028,
245.844,
243.471,
242.362,
184.289,
16.5501,
9.57175,
11.4453,
9.59613,
8.88977,
1.80612,
38.253,
80.1022,
59.3646,
60.8159,
58.144,
46.0112,
202.062,
254.97,
254.943,
254.238,
98.992,
35.1953,
228.129,
253.594,
201.077,
33.71,
26.5117,
179.795,
251.234,
248.791,
67.3264,
16.4828,
246.002,
243.872,
241.376,
184.783,
16.9258,
12.4579,
8.39537,
6.4489,
5.40184,
1.51405,
39.5914,
78.7373,
61.9365,
60.705,
53.7709,
48.0738,
161.506,
254.81,
254.593,
255.243,
110.154,
39.4328,
89.19,
253.207,
255.039,
49.5972,
30.6712,
81.2859,
251.174,
220.837,
25.3981,
18.8152,
246.076,
244.268,
241.739,
141.283,
14.176,
9.73146,
8.72307,
9.25485,
4.79831,
2.32684,
38.0065,
75.1995,
61.7149,
57.429,
56.9622,
51.1095,
119.522,
255.432,
254.231,
255.301,
175.047,
43.7089,
37.4959,
100.215,
254.74,
115.052,
31.4671,
28.4696,
69.8106,
54.076,
24.8038,
90.3017,
245.999,
243.234,
242.892,
184.325,
13.1774,
13.1817,
7.78108,
6.29738,
5.45259,
1.88011,
38.6758,
79.3283,
62.0322,
57.1359,
57.842,
51.5834,
51.4733,
254.109,
255.378,
255.278,
254.907,
82.4592,
43.0714,
31.211,
254.687,
212.536,
34.4707,
29.3891,
28.5408,
29.7319,
22.0871,
190.206,
245.972,
242.583,
243.643,
240.039,
98.6515,
10.0925,
7.47218,
6.24905,
5.73878,
0.736694,
38.9555,
76.9238,
58.581,
59.8262,
57.975,
54.4926,
45.8797,
147.763,
254.338,
254.906,
254.653,
241.737,
157.803,
184.108,
254.706,
255.156,
169.779,
46.3084,
28.2049,
39.4977,
163.015,
246.098,
245.93,
243.367,
243.31,
239.486,
197.966,
10.8044,
7.68546,
6.09572,
10.1047,
2.3613,
36.913,
81.7329,
58.1967,
56.4861,
55.5002,
56.5711,
50.1516,
52.3882,
239.862,
255.023,
254.215,
254.869,
254.915,
253.642,
254.255,
255.768,
253.512,
251.727,
236.898,
248.799,
246.674,
246.543,
245.827,
244.295,
241.562,
240.141,
242.108,
12.8392,
11.2035,
7.36964,
9.23497,
1.22382,
37.1321,
77.0186,
61.6768,
60.5038,
58.3121,
52.4007,
53.6164,
49.996,
77.6626,
240.489,
254.455,
254.702,
254.269,
253.853,
254.816,
254.63,
253.29,
251.352,
250.717,
248.62,
246.861,
246.469,
245.927,
244.195,
241.756,
240.017,
241.689,
13.0962,
10.614,
6.50031,
5.45219,
3.13441,
37.6335,
80.7762,
61.8621,
60.6693,
58.3977,
56.3283,
53.6991,
49.2224,
45.5516,
77.9333,
240.797,
254.64,
255.097,
253.504,
254.255,
254.787,
253.889,
250.956,
251.616,
249.382,
246.935,
246.319,
245.828,
243.754,
241.847,
240.177,
169.982,
10.1431,
8.08249,
6.3069,
5.69977,
1.65802,
39.8446,
74.7827,
59.2454,
60.6737,
54.6539,
52.9756,
50.5458,
48.0758,
48.5519,
47.2917,
53.5151,
172.028,
255.647,
253.342,
254.673,
253.577,
252.606,
250.947,
251.254,
249.054,
246.699,
246.341,
246.222,
243.605,
241.916,
239.868,
74.0094,
10.2542,
11.0389,
9.0407,
9.90314,
0.737686,
39.6777,
74.4025,
62.7724,
58.3395,
54.6793,
52.7307,
50.67,
47.7058,
47.8586,
44.7575,
45.0688,
42.0901,
53.1263,
113.785,
157.25,
195.091,
196.364,
151.227,
193.706,
248.481,
246.228,
246.304,
245.845,
243.496,
241.756,
98.47,
17.7676,
9.47386,
9.10759,
6.25343,
9.09161,
0.976563,
40.4801,
75.9335,
61.1505,
56.8089,
57.3508,
53.2278,
53.7274,
51.916,
46.9769,
48.424,
46.0222,
41.4583,
43.3603,
40.8527,
38.6519,
33.5918,
36.274,
27.7036,
25.3722,
105.534,
203.106,
246.205,
245.424,
171.394,
72.2411,
14.8135,
13.6691,
12.5429,
12.0519,
9.10118,
5.03157,
0.345322,
37.4222,
77.3957,
62.0791,
59.7597,
57.4435,
53.2773,
50.9413,
52.1293,
49.8506,
47.8012,
43.9256,
44.8219,
40.2522,
37.4714,
38.9286,
37.1016,
34.0916,
29.9457,
27.8228,
28.8574,
26.821,
22.0917,
20.1576,
21.0864,
18.7781,
16.567,
12.5968,
9.90776,
11.151,
8.32587,
8.94214,
2.92656,
38.2658,
76.5151,
64.6909,
60.2376,
56.9671,
53.052,
54.0374,
51.8983,
49.8163,
48.0079,
43.5978,
41.8828,
40.599,
39.8528,
36.1569,
36.9536,
31.4329,
30.2117,
30.6754,
26.6516,
23.6896,
21.9706,
23.5015,
18.3979,
18.7724,
13.8374,
12.5717,
9.66727,
7.97743,
5.53265,
8.92421,
3.30927,
37.0404,
60.498,
74.9272,
63.9804,
57.0907,
52.5882,
53.8375,
51.6679,
49.6681,
45.1494,
45.7117,
41.9945,
40.3344,
41.1581,
39.2117,
37.0159,
34.6925,
30.4934,
30.6987,
28.7036,
24.1374,
22.177,
23.1379,
21.1619,
18.968,
13.6149,
14.8796,
13.2468,
11.8326,
9.06293,
4.38023,
3.48033,
25.6677,
40.7222,
59.8898,
71.47,
71.0141,
65.9312,
66.8063,
61.0224,
61.5348,
56.6703,
57.1147,
51.6918,
50.4118,
46.8104,
44.7612,
41.9271,
44.8911,
37.1119,
35.2226,
34.667,
29.5895,
30.9499,
29.0042,
22.194,
19.4519,
17.1079,
15.044,
11.8466,
14.5828,
7.13565,
2.47301,
1.33212,
0.256058,
24.8475,
36.9035,
34.7555,
32.7336,
34.2259,
33.187,
30.1631,
29.5752,
27.4298,
27.9451,
27.0073,
24.0229,
25.0635,
22.1427,
20.8793,
20.7231,
17.6389,
17.1262,
18.0066,
15.6138,
13.2835,
11.8179,
12.1841,
9.63635,
8.62061,
6.64236,
7.17609,
5.4046,
3.79362,
1.86095,
-0.131683,
0.224213,
94.6274,
142.549,
147.543,
143.969,
143.787,
144.682,
144.209,
142.377,
142.276,
141.394,
137.406,
139.391,
135.811,
134.706,
135.904,
132.365,
134.057,
131.987,
130.79,
128.625,
129.812,
128.846,
128.388,
123.666,
124.969,
126.074,
122.903,
121.997,
117.647,
74.9357,
0.813538,
93.86,
152.148,
188.463,
202.209,
205.37,
205.651,
203.529,
202.947,
199.505,
201.098,
201.089,
197.414,
197.529,
193.422,
191.683,
190.674,
188.25,
187.871,
189.092,
186.987,
186.39,
183.906,
184.935,
184.183,
181.298,
180.182,
181.669,
178.464,
171.636,
150.425,
123.1,
74.3817,
143.828,
186.798,
203.528,
192.431,
189.453,
188.49,
183.892,
185.741,
180.719,
182.491,
182.581,
175.857,
177.896,
172.548,
173.067,
172.603,
170.247,
168.457,
164.305,
162.344,
163.458,
159.643,
157.754,
159.911,
157.245,
152.849,
153.849,
149.73,
154.414,
169.426,
150.173,
113.712,
149.702,
204.963,
194.508,
191.624,
186.415,
185.511,
183.675,
182.441,
181.901,
179.645,
179.595,
175.291,
177.284,
175.794,
174.26,
172.67,
167.32,
165.084,
167.194,
162.316,
163.671,
159.765,
160.995,
156.61,
157.488,
155.863,
153.247,
152.34,
152.175,
156.472,
170.932,
119.998,
148.833,
209.885,
193.65,
188.455,
189.301,
185.589,
186.503,
185.572,
180.792,
179.88,
182.234,
178.706,
175.476,
175.679,
172.907,
169.648,
169.698,
168.576,
165.405,
165.452,
160.841,
162.602,
158.312,
159.788,
154.482,
152.416,
156.4,
152.094,
148.663,
150.206,
173.988,
118.077,
150.248,
208.577,
190.106,
188.391,
189.101,
188.581,
179.732,
187.894,
224.262,
254.699,
255.898,
238.492,
204.26,
172.976,
170.624,
169.987,
170.463,
165.449,
167.336,
162.234,
163.726,
162.379,
157.537,
156.997,
157.633,
152.663,
156.2,
149.547,
151.308,
149.58,
172.191,
119.778,
150.332,
210.116,
190.67,
192.268,
189.757,
175.611,
194.647,
254.355,
255.293,
254.617,
256.197,
254.68,
254.982,
230.057,
211.179,
229.315,
229.549,
209.4,
197.992,
170.725,
163.542,
159.478,
157.754,
156.406,
154.385,
152.342,
153.425,
153.156,
149.298,
149.064,
172.252,
117.106,
150.75,
208.112,
193.908,
191.861,
179.643,
182.919,
254.748,
254.538,
255.074,
255.062,
255.994,
254.818,
255.139,
254.155,
254.864,
254.145,
253.634,
251.994,
251.241,
248.861,
213.5,
164.403,
157.887,
157.311,
153.842,
152.467,
157.35,
152.208,
152.248,
149.926,
171.983,
119.97,
148.611,
207.779,
190.968,
189.075,
170.589,
225.941,
254.71,
254.212,
254.992,
254.906,
256.229,
254.688,
255.446,
254.108,
254.934,
254.367,
253.868,
251.793,
251.105,
249.338,
246.859,
240.776,
173.913,
157.048,
156.882,
152.672,
157.083,
149.772,
149.157,
146.221,
173.855,
119.962,
150.38,
207.691,
190.958,
192.041,
161.538,
254.08,
254.5,
253.596,
255.515,
254.292,
256.639,
254.462,
255.07,
254.226,
254.653,
254.232,
254.097,
251.406,
251.467,
249.153,
246.582,
246.249,
239.929,
174.591,
154.247,
152.687,
157.422,
149.27,
152.522,
149.567,
174.315,
117.831,
149.93,
210.102,
194.067,
188.985,
161.905,
254.452,
254.639,
253.871,
255.552,
254.159,
256.735,
254.64,
255.247,
253.796,
254.698,
254.228,
254.151,
251.018,
251.449,
249.363,
246.651,
246.193,
245.657,
238.624,
159.385,
152.318,
154.638,
152.801,
149.559,
149.581,
172.461,
117.442,
148.205,
210.104,
193.949,
191.568,
165.152,
236.36,
254.698,
254.533,
254.901,
254.207,
256.385,
249.804,
206.975,
188.761,
190.347,
247.798,
253.828,
244.642,
183.54,
167.746,
213.814,
246.427,
245.634,
242.828,
199.667,
155.49,
157.547,
151.019,
152.689,
148.175,
174.511,
117.103,
147.949,
209.558,
193.946,
189.063,
179.65,
196.422,
254.522,
254.012,
254.993,
254.235,
256.618,
191.785,
175.086,
172.116,
169.73,
169.125,
253.923,
235.61,
167.979,
166.094,
143.739,
227.547,
245.84,
242.852,
243.203,
157.575,
154.121,
152.917,
152.424,
149.19,
174.3,
119.106,
149.957,
209.915,
193.369,
191.355,
186.319,
165.703,
231.044,
254.931,
253.987,
254.554,
222.434,
177.832,
177.095,
172.504,
170.981,
159.04,
213.632,
251.486,
219.609,
168,
156.557,
174.277,
245.647,
243.204,
242.735,
185.348,
154.873,
152.903,
152.505,
148.624,
172.455,
119.013,
149.091,
207.548,
190.622,
192.059,
189.029,
170.401,
213.514,
254.45,
254.7,
254.335,
198.484,
163.129,
210.5,
247.585,
182.018,
161.976,
179.633,
251.511,
251.518,
227.43,
158.965,
146.446,
245.776,
243.784,
242.334,
202.991,
156.593,
149.843,
152.637,
149.405,
171.714,
117.538,
146.901,
210.219,
190.594,
191.744,
187.113,
165.475,
230.789,
254.63,
254.644,
254,
198.522,
151.859,
254.705,
253.649,
208.19,
172.496,
147.225,
245.782,
251.3,
249.325,
170.769,
141.667,
245.846,
244.137,
241.673,
219.178,
156.851,
149.517,
152.666,
149.458,
173.924,
119.978,
150.304,
209.607,
190.878,
192.312,
188.136,
168.453,
231.508,
254.547,
254.341,
254.665,
201.028,
156.987,
243.954,
253.375,
235.217,
168.888,
153.752,
217.203,
251.472,
249.502,
178.866,
139.873,
245.794,
243.837,
242.101,
220.115,
156.695,
152.649,
149.71,
146.472,
172.041,
117.664,
149.956,
209.67,
193.641,
192.077,
186.734,
174.188,
213.745,
254.35,
254.882,
254.614,
203.345,
169.967,
179.501,
253.871,
254.691,
177.079,
162.515,
172.255,
251.559,
237.552,
163.385,
142.209,
246.215,
244.262,
241.582,
202.305,
154.276,
149.187,
148.776,
149.636,
171.422,
120.743,
148.488,
208.119,
193.84,
188.7,
189.47,
178.772,
194.598,
254.83,
254.499,
254.78,
227.175,
176.83,
168.293,
183.311,
254.767,
201.325,
167.54,
161.03,
178.595,
173.585,
156.835,
174.394,
245.62,
243.65,
242.519,
219.548,
153.353,
152.932,
148.912,
146.652,
171.974,
118.919,
148.946,
209.958,
193.457,
188.848,
189.2,
183.829,
163.497,
254.854,
254.076,
255.304,
255.771,
190.893,
178.346,
150.907,
254.494,
238.224,
169.126,
165.929,
164.311,
165.486,
148.499,
220.605,
246.155,
243.728,
242.715,
239.807,
188.035,
149.701,
148.472,
146.381,
172.71,
117.867,
150.835,
208.156,
190.622,
191.678,
189.506,
185.808,
171.665,
207.018,
253.85,
255.251,
256.187,
249.468,
213.289,
220.657,
254.549,
254.827,
221.671,
172.818,
163.193,
158.917,
207.184,
246.381,
245.784,
244.046,
242.418,
240.29,
224.697,
150.054,
149.138,
146.185,
174.236,
119.701,
147.575,
210.909,
190.094,
188.17,
186.413,
188.751,
181.548,
165.351,
247.978,
254.331,
256.423,
254.674,
255.029,
253.935,
254.249,
255.014,
253.863,
252.071,
244.034,
249.055,
246.953,
246.656,
245.852,
244.505,
241.753,
240.762,
241.59,
152.46,
152.329,
147.96,
174.15,
118.019,
148.196,
208.616,
193.602,
191.846,
190.179,
186.006,
186.654,
180.955,
175.714,
248.625,
255.79,
254.55,
255.207,
253.598,
254.777,
254.597,
253.629,
251.803,
251.356,
248.903,
247.083,
246.388,
246.114,
243.741,
241.937,
240.273,
242.062,
152.206,
151.775,
146.803,
172.094,
120.12,
148.786,
210.131,
193.665,
191.868,
189.516,
188.678,
186.699,
182.327,
175.944,
176.995,
250.016,
254.411,
254.622,
254.031,
254.698,
254.506,
254.243,
251.586,
251.803,
249.859,
247.376,
246.452,
245.958,
243.877,
242.008,
240.4,
213.548,
150.251,
149.291,
146.628,
172.032,
118.826,
150.644,
207.832,
190.707,
191.837,
186.65,
185.416,
183.467,
182.417,
180.786,
180.938,
172.573,
216.704,
255.57,
253.454,
255.049,
254.216,
253.697,
251.059,
251.277,
249.129,
246.486,
246.627,
246.064,
243.719,
241.953,
240.317,
178.308,
149.476,
152.391,
149.704,
174.125,
117.798,
150.993,
207.065,
193.813,
189.113,
186.092,
185.437,
183.347,
182.624,
181.136,
180.138,
179.46,
175.347,
174.721,
194.974,
210.702,
227.643,
229.046,
206.801,
225.909,
249.578,
246.453,
246.259,
245.727,
243.711,
242.163,
185.498,
157.513,
149.927,
150.125,
146.129,
174.397,
117.393,
150.088,
208.37,
191.212,
188.895,
189.774,
185.527,
186.859,
186.348,
180.672,
182.486,
182.328,
176.04,
178.257,
175.476,
174.169,
169.796,
170.37,
164.913,
156.561,
184.23,
227.023,
246.082,
245.638,
215.686,
176.461,
152.956,
154.05,
152.161,
152.504,
149.356,
171.952,
117.516,
148.017,
207.747,
193.728,
191.629,
189.468,
185.659,
183.9,
185.345,
184.139,
182.327,
179.932,
178.594,
175.321,
172.585,
174.402,
172.408,
169.597,
165.401,
164.493,
165.408,
163.414,
159.415,
158.235,
160.03,
157.401,
155.58,
153.757,
149.537,
151.946,
150.642,
173.679,
120.41,
148.066,
206.246,
196.189,
190.956,
189.001,
185.847,
185.515,
185.915,
183.565,
182.719,
179.566,
175.533,
174.998,
174.382,
170.925,
172.694,
167.281,
165.453,
167.368,
163.829,
160.501,
159.674,
160.511,
157.216,
157.497,
152.625,
153.158,
150.167,
149.111,
153.103,
170.223,
119.359,
143.851,
186.46,
206.466,
195.595,
189.537,
185.399,
186.541,
186.023,
183.471,
179.875,
181.118,
175.56,
175.832,
175.325,
173.781,
172.991,
169.811,
165.259,
167.622,
165.813,
160.593,
160.048,
161.101,
160.199,
157.354,
152.721,
156.351,
153.778,
159.072,
171.677,
146.943,
115.781,
94.034,
153.598,
184.369,
203.744,
205.466,
202.813,
203.597,
201.578,
201.291,
199.083,
199.855,
195.728,
195.367,
192.372,
191.778,
190.951,
189.81,
188.051,
186.014,
186.11,
183.356,
185.505,
184.408,
181.712,
178.467,
177.363,
178.595,
175.09,
172.503,
149.284,
121.236,
74.8117,
0.739548,
94.5962,
144.808,
145.071,
143.811,
146.385,
144.833,
142.275,
141.461,
141.05,
141.327,
139.338,
137.152,
138.052,
134.713,
134.294,
133.214,
131.969,
130.321,
131.107,
130.36,
127.952,
127.393,
127.811,
124.171,
123.913,
123.674,
122.861,
120.971,
117.143,
74.8072,
0.865295,
1.02499,
129.609,
200.195,
208.255,
205.11,
205.661,
206.259,
207.521,
205.82,
207.838,
206.067,
203.291,
206.178,
203.013,
202.345,
204.391,
201.454,
204.659,
201.807,
201.715,
199.52,
202.644,
202.232,
201.831,
198.216,
198.431,
202.157,
198.87,
197.09,
192.056,
121.765,
1.433,
128.647,
210.261,
236.184,
244.126,
246.574,
247.434,
247.745,
247.756,
244.037,
247.618,
247.673,
244.599,
244.817,
241.745,
241.367,
242.297,
240.086,
240.446,
240.731,
240.991,
240.082,
238.605,
240.849,
240.561,
238.874,
238.26,
240.407,
238.074,
232.672,
221.414,
201.587,
122.468,
200.827,
234.655,
246.298,
244.948,
245.259,
245.697,
241.625,
245.082,
240.194,
243.233,
245.005,
239.461,
242.715,
236.189,
239.542,
239.458,
238.544,
238.044,
234.35,
234.376,
234.983,
233.633,
233.107,
235.138,
234.092,
230.505,
232.725,
229.31,
230.418,
234.058,
219.94,
189.949,
208.071,
243.247,
245.501,
246.013,
241.747,
242.496,
241.855,
241.744,
241.278,
240.677,
241.933,
239.36,
241.882,
239.99,
240.857,
239.439,
235.541,
234.924,
237.332,
234.606,
235.357,
233.942,
235.331,
231.946,
234.243,
233.113,
232.317,
233.234,
231.721,
231.862,
235.348,
198.336,
206.495,
249.055,
247.354,
243.602,
245.011,
242.357,
244.714,
245.063,
240.32,
240.446,
244.829,
242.509,
239.151,
239.371,
240.083,
236.305,
238.949,
237.922,
235.64,
237.567,
232.079,
236.28,
232.368,
234.801,
231.237,
230.303,
235.877,
232.386,
229.662,
230.778,
237.459,
196.634,
208.896,
246.567,
244.402,
243.993,
245.676,
245.371,
238.724,
233.146,
244.099,
254.201,
256.652,
250.793,
245.128,
237.067,
238.094,
235.947,
238.542,
234.436,
237.632,
234.567,
234.988,
236.561,
232.817,
231.801,
234.684,
230.671,
236.218,
229.721,
231.038,
230.893,
235.069,
198.417,
209.097,
249.053,
244.58,
246.369,
245.202,
233.478,
231.82,
254.69,
253.901,
254.749,
256.973,
254.325,
255.586,
245.836,
240.873,
246.643,
246.371,
240.913,
240.898,
238.288,
234.99,
233.69,
232.463,
232.066,
231.122,
230.262,
233.02,
232.341,
229.402,
230.515,
235.118,
196.651,
209.02,
246.199,
247.484,
246.595,
235.796,
228.699,
254.682,
254.744,
254.594,
255.075,
257.008,
254.942,
255.79,
253.845,
254.668,
253.921,
252.51,
252.338,
251.323,
249.247,
242.322,
234.339,
232.773,
232.247,
231.582,
229.636,
236.384,
232.31,
232.192,
230.572,
235.705,
198.953,
206.768,
246.212,
244.449,
243.344,
227.641,
243.535,
254.627,
254.392,
254.063,
254.809,
256.675,
254.712,
254.793,
253.837,
254.559,
254.352,
253.502,
252.059,
251.041,
249.224,
246.727,
245.698,
234.841,
232.084,
234.267,
230.787,
235.919,
229.289,
229.09,
227.884,
237.208,
198.635,
209.071,
247.365,
244.283,
246.494,
221.213,
254.613,
254.84,
254.462,
254.449,
254.656,
256.599,
254.084,
254.869,
253.636,
254.574,
254.704,
253.535,
252.181,
251.323,
249.145,
246.779,
246.555,
244.583,
237.135,
230.754,
230.591,
235.864,
229.08,
232.197,
230.716,
236.88,
196.777,
208.762,
249.095,
247.055,
243.091,
221.01,
254.391,
254.831,
254.933,
254.023,
254.405,
257.066,
254.637,
255.28,
254.103,
254.67,
254.757,
254.079,
251.833,
251.43,
249.526,
247.225,
246.56,
245.768,
242.949,
232.369,
230.817,
232.53,
231.907,
229.472,
230.783,
234.945,
196.872,
206.918,
248.758,
247.304,
246.382,
223.252,
247.348,
255.103,
254.446,
254.639,
254.519,
256.976,
252.324,
243.217,
237.482,
231.984,
251.635,
254.33,
250.391,
235.378,
225.429,
235.601,
246.703,
245.55,
243.896,
238.292,
233.96,
235.921,
230.426,
232.635,
229.583,
237.13,
196.141,
207.095,
248.783,
247.42,
243.548,
235.718,
233.418,
254.722,
254.743,
254.193,
254.902,
256.516,
243.574,
238.733,
236.759,
237.138,
225.032,
253.084,
249.018,
237.398,
237.218,
215.5,
240.501,
245.831,
243.507,
242.782,
230.638,
233.16,
232.651,
232.062,
231.322,
237.203,
198.562,
208.524,
249.118,
247.638,
246.376,
242.478,
225.705,
246.036,
254.562,
253.965,
254.26,
249.752,
242.657,
240.143,
237.483,
238.055,
226.124,
239.753,
251.606,
245.31,
235.488,
228.203,
224.777,
245.992,
244.07,
242.05,
234.748,
233.804,
232.672,
231.897,
231.534,
235.1,
198.327,
208.321,
246.862,
244.36,
246.368,
244.867,
229.429,
239.764,
254.795,
254.142,
254.947,
245.812,
226.292,
239.36,
252.95,
239.893,
229.795,
226.785,
252.559,
251.48,
245.56,
231.379,
214.679,
245.709,
244.355,
241.99,
236.365,
235.246,
229.655,
232.071,
230.69,
234.797,
196.88,
207.029,
248.667,
244.849,
246.524,
242.112,
225.631,
245.619,
254.748,
254.2,
254.465,
245.804,
217.925,
255.745,
253.94,
244.963,
239.299,
216.809,
248.595,
250.982,
249.484,
233.764,
214.509,
245.417,
243.867,
242.097,
238.205,
235.121,
229.426,
232.351,
231.042,
236.85,
198.545,
209.295,
248.327,
244.401,
246.394,
244.665,
227.604,
246.861,
254.472,
253.795,
254.834,
248.164,
222.76,
250.529,
253.939,
250.578,
236.285,
221.732,
240.524,
251.26,
249.247,
237.619,
212.575,
245.855,
244.02,
242.261,
238.417,
235.528,
232.667,
228.928,
227.986,
234.878,
196.979,
209.559,
248.408,
247.517,
246.701,
241.6,
232.722,
239.473,
254.902,
254.251,
255.272,
246.831,
233.561,
228.937,
253.479,
254.985,
240.382,
230.959,
224.811,
251.277,
247.193,
235.116,
214.532,
245.934,
243.845,
242.199,
236.667,
233.751,
229.324,
229.208,
231.344,
234.849,
198.63,
206.512,
246.501,
247.377,
244.052,
244.967,
236.663,
231.285,
254.575,
254.775,
254.662,
250.861,
241.746,
232.752,
228.369,
255.155,
242.847,
236.436,
230.739,
235.149,
236.393,
228.122,
224.434,
245.49,
243.853,
242.117,
239.027,
232.49,
232.88,
229.035,
228.002,
234.94,
196.356,
206.704,
248.892,
247.306,
243.187,
245.006,
241.626,
220.896,
254.794,
254.55,
254.096,
256.979,
242.688,
242.085,
217.178,
254.655,
251.568,
238.209,
235.226,
233.927,
237.526,
219.292,
238.608,
246.192,
244.144,
242.253,
240.234,
237.421,
229.464,
228.979,
227.877,
235.002,
196.637,
208.733,
246.776,
244.407,
246.499,
245.293,
243.461,
231.665,
237.401,
254.285,
254.513,
256.885,
252.595,
242.103,
242.138,
254.974,
254.641,
247.999,
238.775,
233.56,
225.84,
233.352,
246.494,
245.623,
243.76,
241.871,
240.512,
239.383,
229.987,
229.542,
227.985,
237.066,
198.403,
206.195,
249.053,
243.794,
243.399,
241.709,
245.79,
240.66,
223.572,
250.453,
254.591,
256.471,
255.024,
255.529,
253.2,
254.901,
254.649,
253.376,
251.658,
248.374,
249.295,
247.124,
246.515,
245.791,
243.727,
242.509,
240.596,
241.797,
232.584,
232.034,
230.513,
236.88,
196.533,
207.111,
247.527,
247.064,
245.722,
245.148,
242.727,
244.895,
241.134,
224.927,
252.751,
256.661,
254.089,
255.146,
254.027,
254.669,
255.131,
253.219,
251.723,
251.17,
249.354,
246.866,
246.619,
245.866,
244.003,
241.807,
240.26,
241.977,
232.829,
232.075,
227.824,
235.09,
198.821,
206.842,
248.664,
247.685,
246.239,
244.828,
245.518,
244.619,
242.169,
236.1,
227.697,
253.898,
254.414,
255.85,
253.793,
254.733,
254.648,
252.949,
251.934,
251.037,
249.356,
246.8,
246.676,
245.655,
244.166,
241.885,
240.131,
239.116,
229.505,
229.384,
227.428,
235.356,
196.273,
208.685,
246.825,
244.46,
246.495,
241.945,
242.556,
241.675,
241.83,
240.365,
242.783,
232.144,
241.783,
255.766,
253.392,
254.605,
254.052,
253.547,
251.95,
251.14,
249.072,
246.572,
246.795,
246.008,
244.401,
242.066,
240.765,
237.011,
229.416,
232.066,
230.612,
237.223,
196.815,
209.674,
246.445,
247.624,
243.543,
242.145,
242.357,
241.44,
241.29,
240.914,
240.927,
241.617,
239.391,
234.844,
235.994,
241.856,
244.964,
245.686,
239.412,
242.327,
249.331,
247.692,
246.638,
245.776,
244.241,
242.245,
234.598,
235.477,
229.522,
229.197,
228.07,
236.77,
196.828,
208.894,
246.811,
246.452,
243.163,
244.747,
242.267,
244.815,
244.651,
240.014,
243.829,
245.143,
239.436,
242.371,
239.828,
240.871,
236.747,
238.433,
234.969,
226.484,
228.236,
240.753,
246.406,
245.827,
238.85,
234.161,
230.619,
233.041,
232.202,
232.519,
231.102,
234.738,
196.818,
207.074,
246.533,
247.674,
246.437,
244.883,
242.412,
241.834,
244.524,
243.673,
243.827,
242.522,
242.129,
240.576,
237.043,
241.191,
239.487,
238.402,
235.37,
234.151,
237.661,
235.268,
233.321,
232.849,
234.774,
234.368,
233.136,
232.796,
229.389,
231.903,
231.389,
236.834,
199.125,
207.542,
246.596,
247.243,
246.636,
244.827,
242.564,
243.344,
244.881,
243.041,
244.129,
241.346,
240.234,
239.514,
238.907,
237.795,
239.366,
235.544,
235.212,
237.167,
235.506,
232.099,
233.812,
235.959,
232.381,
233.664,
230.789,
232.611,
229.544,
229.109,
229.235,
233.205,
198.79,
199.748,
232.421,
248.326,
245.982,
244.782,
242.206,
244.81,
244.408,
243.232,
240.913,
244.19,
238.995,
239.232,
240.109,
241.005,
239.75,
238.956,
235.116,
237.539,
237.441,
232.287,
233.341,
235.507,
234.736,
234.827,
230.249,
235.734,
232.74,
234.125,
235.139,
218.25,
191.632,
129.45,
211.146,
233.032,
244.892,
246.963,
245.6,
246.516,
245.075,
246.367,
244.3,
247.282,
242.825,
243.296,
241.209,
241.426,
240.859,
241.888,
240.605,
238.922,
239.763,
237.148,
240.289,
241.012,
238.108,
237.1,
235.821,
239.193,
235.199,
233.527,
219.589,
200.176,
122.66,
0.450607,
129.788,
202.186,
205.831,
205.488,
207.847,
206.673,
206.392,
205.727,
205.446,
206.27,
205.166,
204.233,
204.854,
202.511,
203.368,
202.056,
201.733,
199.843,
201.635,
201.752,
200.48,
200.43,
201.356,
198.892,
197.787,
200.492,
199.385,
196.929,
190.695,
122.281,
1.18921