  0.15877889
 -0.05164682
 -0.20225919
 -0.11133635
 -0.02924022
  0.16319496
  0.03543495
 -0.20638983
 -0.05546238
  0.01380706
  0.00515111
  0.14334241
 -0.05160364
  0.09740782
  0.20016780
 -0.13452699
 -0.05606527
 -0.08522808
  0.17788831
 -0.10559232
 -0.01310949
  0.13277470
 -0.00419820
  0.01201503
  0.13410046
 -0.04819744
  0.05100053
 -0.09571497
 -0.19981855
 -0.19709120
  0.25542362
  0.06474652
 -0.51104940
 -0.01549665
 -0.15826990
 -0.37319908
 -0.38722976
 -0.37615698
 -0.04621642
  0.01345915
  0.05037609
 -0.31064719
 -0.15045474
  0.01625292
  0.51849500
  0.00954509
  0.40271499
  0.22842830
 -0.01051141
  0.14330677
 -0.05321002
 -0.06595098
 -0.22664048
  0.11443538
  0.00768115
  0.29983073
  0.04369415
  0.71397922
 -0.07275483
 -0.72317940
  0.64288159
 -0.11338492
  0.46385525
  0.23745298
  0.14084557
  0.08192514
  0.28797122
  0.34782467
 -0.50381169
  0.11985591
 -0.39379834
 -0.27284549
 -0.11877395
 -0.18835458
 -0.14699565
 -0.09418370
  0.27377607
 -0.14591520
  0.20025366
 -0.04475337
  0.01147269
 -0.18591677
  0.01613916
  0.21320952
 -0.21489123
  0.08266351
 -0.11497185
  0.05676319
 -0.03018388
 -0.16212975
 -0.06045429
  0.18672090
 -0.03789515
  0.03761063
 -0.02282061
  0.19626140
  0.04729023
  0.13684068
  0.07797621
 -0.02992733
 -0.11583972
  0.05934235
  0.02492904
 -0.00420966
 -0.00212811
  0.06248140
  0.12205886
 -0.05625418
  0.07102753
 -0.20369362
  0.05653425
 -0.26195036
 -0.03929289
 -0.01648198
 -0.01598906
 -0.08655826
 -0.00316106
  0.04208176
 -0.01759686
 -0.03644187
  0.04174768
  0.10178318
  0.04391339
 -0.06135705
  0.09645260
 -0.12824914
  0.08030213
 -0.10437426
 -0.02023518
 -0.00001356
  0.09205543
 -0.03923777
  0.03877387
 -0.07408105
 -0.04736083
 -0.10158311
  0.07345635
 -0.11828192
 -0.02156206
  0.05636762
 -0.03839892
  0.02299113
  0.01185872
 -0.05051478
  0.06174193
  0.09250850
 -0.03636017
 -0.04021159
 -0.04097039
  0.05783311
 -0.01454789
  0.08578199
  0.04347149
  0.02150929
  0.01522660
 -0.05914571
 -0.03283311
  0.01473029
 -0.02994831
  0.01229644
  0.05021019
  0.10179808
  0.03301466
  0.02007267
 -0.07380606
  0.07433977
 -0.03488255
  0.07299999
  0.00217908
  0.04916185
  0.05873617
 -0.02060306
  0.02870596
 -0.08382181
  0.06829902
 -0.05094438
 -0.00473814
  0.09281507
  0.01156464
 -0.02217098
 -0.01014932
  0.03087709
 -0.02627545
 -0.04559894
 -0.04231043
 -0.04918406
 -0.04796230
  0.06161966
  0.00512016
  0.03425141
 -0.02747382
 -0.02913842
  0.04778064
 -0.04338151
 -0.01000292
 -0.02167483
 -0.04328063
  0.07965347
  0.01855778
  0.12431090
  0.00500096
  0.03370510
  0.00052178
 -0.01368155
 -0.04447873
  0.05068685
  0.00225832
  0.04926718
  0.03725010
  0.00546527
  0.03382887
 -0.02938063
 -0.05894990
  0.01560786
  0.00071202
 -0.01892382
  0.00636068
 -0.08968798
  0.01447037
  0.04760129
 -0.04135745
  0.05744475
  0.03959997
  0.03959153
 -0.00906938
  0.06288485
 -0.01879806
 -0.06084358
  0.00114415
  0.04567958
 -0.02109708
 -0.02788223
  0.01309434
 -0.00574535
 -0.01557877
  0.00040852
 -0.03297617
 -0.02903753
 -0.06204801
 -0.01799496
  0.02514739
  0.04193222
  0.04308508
 -0.01344220
 -0.00199553
 -0.01953297
 -0.01670918
 -0.09946836
 -0.02145791
 -0.01321830
  0.00543562
  0.01412160
  0.03473500
  0.03529994
  0.01687838
  0.03812435
  0.15877889
 -0.05164682
 -0.20225919
 -0.11133635
 -0.02924022
  0.16319496
  0.03543495
 -0.20638983
 -0.05546238
  0.01380706
  0.00515111
  0.14334241
 -0.05160364
  0.09740782
  0.20016780
 -0.13452699
 -0.05606527
 -0.08522808
  0.17788831
 -0.10559232
 -0.01310949
  0.13277470
 -0.00419820
  0.01201503
  0.13410046
 -0.04819744
  0.05100053
 -0.09571497
 -0.19981855
 -0.19709120
  0.25542362
  0.06474652
 -0.51104940
 -0.01549665
 -0.15826990
 -0.37319908
 -0.38722976
 -0.37615698
 -0.04621642
  0.01345915
  0.05037609
 -0.31064719
 -0.15045474
  0.01625292
  0.51849500
  0.00954509
  0.40271499
  0.22842830
 -0.01051141
  0.14330677
 -0.05321002
 -0.06595098
 -0.22664048
  0.11443538
  0.00768115
  0.29983073
  0.04369415
  0.71397922
 -0.07275483
 -0.72317940
  0.64288159
 -0.11338492
  0.46385525
  0.23745298
  0.14084557
  0.08192514
  0.28797122
  0.34782467
 -0.50381169
  0.11985591
 -0.39379834
 -0.27284549
 -0.11877395
 -0.18835458
 -0.14699565
 -0.09418370
  0.27377607
 -0.14591520
  0.20025366
 -0.04475337
  0.01147269
 -0.18591677
  0.01613916
  0.21320952
 -0.21489123
  0.08266351
 -0.11497185
  0.05676319
 -0.03018388
 -0.16212975
 -0.06045429
  0.18672090
 -0.03789515
  0.03761063
 -0.02282061
  0.19626140
  0.04729023
  0.13684068
  0.07797621
 -0.02992733
 -0.11583972
  0.05934235
  0.02492904
 -0.00420966
 -0.00212811
  0.06248140
  0.12205886
 -0.05625418
  0.07102753
 -0.20369362
  0.05653425
 -0.26195036
 -0.03929289
 -0.01648198
 -0.01598906
 -0.08655826
 -0.00316106
  0.04208176
 -0.01759686
 -0.03644187
  0.04174768
  0.10178318
  0.04391339
 -0.06135705
  0.09645260
 -0.12824914
  0.08030213
 -0.10437426
 -0.02023518
 -0.00001356
  0.09205543
 -0.03923777
  0.03877387
 -0.07408105
 -0.04736083
 -0.10158311
  0.07345635
 -0.11828192
 -0.02156206
  0.05636762
 -0.03839892
  0.02299113
  0.01185872
 -0.05051478
  0.06174193
  0.09250850
 -0.03636017
 -0.04021159
 -0.04097039
  0.05783311
 -0.01454789
  0.08578199
  0.04347149
  0.02150929
  0.01522660
 -0.05914571
 -0.03283311
  0.01473029
 -0.02994831
  0.01229644
  0.05021019
  0.10179808
  0.03301466
  0.02007267
 -0.07380606
  0.07433977
 -0.03488255
  0.07299999
  0.00217908
  0.04916185
  0.05873617
 -0.02060306
  0.02870596
 -0.08382181
  0.06829902
 -0.05094438
 -0.00473814
  0.09281507
  0.01156464
 -0.02217098
 -0.01014932
  0.03087709
 -0.02627545
 -0.04559894
 -0.04231043
 -0.04918406
 -0.04796230
  0.06161966
  0.00512016
  0.03425141
 -0.02747382
 -0.02913842
  0.04778064
 -0.04338151
 -0.01000292
 -0.02167483
 -0.04328063
  0.07965347
  0.01855778
  0.12431090
  0.00500096
  0.03370510
  0.00052178
 -0.01368155
 -0.04447873
  0.05068685
  0.00225832
  0.04926718
  0.03725010
  0.00546527
  0.03382887
 -0.02938063
 -0.05894990
  0.01560786
  0.00071202
 -0.01892382
  0.00636068
 -0.08968798
  0.01447037
  0.04760129
 -0.04135745
  0.05744475
  0.03959997
  0.03959153
 -0.00906938
  0.06288485
 -0.01879806
 -0.06084358
  0.00114415
  0.04567958
 -0.02109708
 -0.02788223
  0.01309434
 -0.00574535
 -0.01557877
  0.00040852
 -0.03297617
 -0.02903753
 -0.06204801
 -0.01799496
  0.02514739
  0.04193222
  0.04308508
 -0.01344220
 -0.00199553
 -0.01953297
 -0.01670918
 -0.09946836
 -0.02145791
 -0.01321830
  0.00543562
  0.01412160
  0.03473500
  0.03529994
  0.01687838
  0.03812435
