269205,
2.58852e+06,
4.98922e+06,
4.07437e+06,
3.9784e+06,
3.41618e+06,
6.15019e+06,
1.66828e+07,
1.66707e+07,
1.67521e+07,
1.66948e+07,
1.66955e+07,
1.67228e+07,
1.66931e+07,
1.66308e+07,
1.67174e+07
  16630785538305,
6.38794e+06,
1.64239e+07,
1.65088e+07,
1.26646e+07,
1.45566e+06,
2.02332e+06,
1.61054e+07,
1.59386e+07,
1.58895e+07,
9.29905e+06,
1.09343e+06,
664843,
772506,
608770,
332525
     26744807405,
2.43349e+06,
5.04749e+06,
4.04205e+06,
3.96518e+06,
3.82154e+06,
3.43413e+06,
3.51381e+06,
3.27654e+06,
5.08969e+06,
1.57607e+07,
1.6676e+07,
1.66921e+07,
1.66638e+07,
1.66365e+07,
1.66996e+07
  166874091.07651e+06,
2.27361e+06,
1.99841e+06,
2.01187e+06,
1.88112e+06,
1.58187e+06,
1.45339e+06,
1.51637e+06,
1.38687e+06,
1.24309e+06,
892263,
975148,
868140,
775464,
593948,
287063
    2280871.34561e+06,
9.84663e+06,
1.36693e+07,
1.24588e+07,
1.23464e+07,
1.23929e+07,
1.23588e+07,
1.17789e+07,
1.23138e+07,
1.46972e+07,
1.6692e+07,
1.67705e+07,
1.56298e+07,
1.33864e+07,
1.13362e+07,
1.1182e+07
  111402451.61471e+06,
1.66411e+07,
1.54409e+07,
1.10087e+07,
1.08851e+07,
9.42008e+06,
1.49125e+07,
1.61114e+07,
1.59156e+07,
1.59385e+07,
1.03268e+07,
1.01005e+07,
1.00215e+07,
9.98928e+06,
9.77734e+06,
1.14229e+07
   78057181.88381e+06,
9.88515e+06,
1.36417e+07,
1.24926e+07,
1.25618e+07,
1.24194e+07,
1.21771e+07,
1.12502e+07,
1.35671e+07,
1.66363e+07,
1.67281e+07,
1.67895e+07,
1.63491e+07,
1.39781e+07,
1.44609e+07,
1.66821e+07
  167003712.15291e+06,
1.11147e+07,
1.08397e+07,
1.07802e+07,
1.08402e+07,
1.07095e+07,
1.04474e+07,
1.03701e+07,
1.04877e+07,
1.03154e+07,
1.01961e+07,
1.00766e+07,
9.80008e+06,
9.95796e+06,
9.87246e+06,
1.13823e+07
   7891187