-0.290604,
25.1314,
35.8499,
36.0737,
33.905,
32.1008,
33.0576,
31.028,
29.9688,
29.0392,
27.8887,
25.007,
26.1061,
22.9111,
21.9994,
21.9126,
19.0858,
19.8924,
19.0165,
18.1191,
14.2698,
15.0536,
14.0517,
13.1032,
10.163,
7.91084,
8.86275,
8.00986,
4.80336,
4.57892,
1.71776,
-0.159042,
25.2472,
38.9205,
62.8812,
69.0158,
72.9511,
69.611,
68.0349,
64.9995,
58.8929,
60.057,
57.9925,
54.519,
53.8209,
48.08,
44.9523,
42.8142,
39.7511,
37.7251,
38.8875,
35.8031,
33.9255,
28.2365,
28.9809,
26.2058,
24.1499,
21.1,
18.9529,
15.9023,
9.83347,
5.95273,
3.8719,
1.20285,
39.1716,
61.5457,
71.0345,
60.1557,
57.5954,
55.7915,
51.0152,
52.1896,
46.902,
47.783,
46.2308,
41.7825,
42.9573,
37.7012,
37.9132,
36.9079,
34.9218,
32.6342,
27.7559,
26.1642,
26.9466,
22.1551,
20.0379,
21.0176,
19.0145,
14.0378,
12.3853,
9.91708,
7.91524,
6.83913,
7.20372,
0.550415,
40.0417,
73.4805,
63.6144,
60.3,
55.0235,
52.9417,
50.7272,
49.3117,
48.9134,
44.8105,
42.5023,
42.1603,
41.8326,
40.656,
38.7793,
36.9634,
32.1456,
29.3362,
30.8326,
26.2148,
27.0449,
21.9832,
22.9938,
18.1517,
18.9123,
16.6711,
11.7866,
13.2919,
10.8452,
10.0958,
9.02397,
3.35698,
38.179,
79.204,
61.7223,
57.1416,
57.9622,
53.0173,
53.7615,
52.3901,
46.8597,
44.9266,
45.9778,
45.3363,
40.0666,
41.3107,
38.1152,
34.5862,
34.9278,
32.6842,
28.9456,
29.3045,
23.9564,
24.9789,
19.9152,
21.1905,
16.4453,
14.2227,
15.177,
12.8659,
7.95393,
8.91692,
8.86058,
1.05986,
40.078,
75.5829,
59.0116,
57.021,
58.1909,
55.8811,
50.8471,
94.673,
186.513,
253.695,
253.907,
215.366,
119.674,
38.254,
35.8223,
34.7947,
34.8813,
30.0693,
31.4084,
26.0936,
26.7911,
25.0896,
19.9621,
18.0916,
18.7223,
13.5,
14.7282,
10.0806,
9.81508,
9.22427,
5.03366,
3.07793,
39.9756,
80.0163,
59.2161,
59.8584,
57.9226,
47.5012,
119.641,
253.948,
254.597,
253.673,
254.23,
255.167,
254.934,
199.895,
155.583,
198.96,
198.303,
152.804,
112.327,
42.424,
26.9533,
22.2576,
20.0879,
18.8364,
16.143,
14.0252,
12.1756,
12.9492,
7.80736,
9.05814,
5.2222,
1.14113,
40.1284,
75.8284,
62.1665,
59.6906,
51.81,
93.1085,
254.66,
254.571,
254.694,
253.729,
254.558,
255.084,
254.933,
254.758,
254.67,
254.895,
254.126,
251.369,
250.799,
250.165,
164.746,
35.6224,
20.138,
19.1819,
15.537,
13.5269,
14.9222,
13.2438,
11.0849,
9.28384,
5.21495,
3.55878,
38.5112,
76.3227,
59.725,
56.5514,
48.2926,
188.04,
254.345,
253.788,
254.659,
253.97,
254.621,
254.885,
254.97,
254.501,
254.686,
254.48,
254.427,
251.221,
250.78,
250.204,
249.281,
233,
61.7481,
18.4716,
19.1909,
14.2312,
15.1724,
9.87234,
7.96469,
5.86377,
8.90475,
2.89618,
40.3816,
77.9875,
59.2632,
59.852,
43.9128,
254.015,
254.629,
254.23,
254.403,
254.224,
254.505,
255.056,
255.044,
254.863,
254.521,
254.8,
254.521,
251.391,
250.655,
250.153,
248.913,
247.015,
231.847,
62.4091,
15.6723,
13.7577,
14.8431,
9.83037,
11.0778,
9.23767,
9.31065,
1.31055,
40.2391,
80.2494,
62.8358,
56.7289,
44.2555,
254.076,
254.477,
253.515,
254.658,
253.617,
254.396,
254.824,
254.978,
254.626,
254.542,
254.998,
254.612,
251.557,
251.16,
249.857,
248.99,
246.424,
245.444,
229.522,
28.7734,
14.1292,
11.7333,
12.9997,
8.19022,
9.01697,
4.98169,
1.41426,
38.3278,
80.3278,
62.621,
59.6686,
44.0082,
213.03,
254.599,
253.83,
254.213,
253.476,
254.094,
241.307,
132.858,
91.8887,
112.83,
242.446,
254.947,
237.648,
82.8167,
65.0562,
177.982,
246.409,
245.483,
243.674,
130.546,
17.1081,
14.509,
11.0283,
11.0948,
7.98466,
8.87898,
0.960007,
38.2827,
80.3838,
62.2586,
56.6789,
52.8792,
121.564,
254.431,
254.383,
254.029,
253.54,
253.978,
84.4501,
40.0424,
38.7106,
37.1058,
72.1472,
254.773,
211.132,
31.2425,
29.0968,
19.3899,
204.485,
245.827,
243.637,
242.34,
26.3866,
11.5727,
13.5436,
10.9048,
9.25,
8.90283,
3.41435,
40.466,
79.9154,
62.2413,
59.6808,
55.0812,
42.2015,
199.462,
254.129,
254.482,
253.307,
161.055,
44.2218,
40.8864,
38.4379,
35.7905,
32.3131,
169.506,
251.677,
168.38,
40.4164,
24.7681,
90.9183,
245.566,
244.065,
242.616,
97.9222,
11.3991,
13.3786,
10.7325,
9.43845,
5.3291,
3.81104,
38.8478,
76.0323,
59.3684,
59.7043,
57.9476,
45.9292,
161.785,
254.278,
254.279,
253.418,
95.4333,
36.5663,
156.704,
241.041,
62.6019,
31.3911,
96.7353,
251.819,
251.416,
194.029,
23.936,
31.0132,
245.862,
244.126,
242.13,
141.343,
14.4423,
10.3904,
10.9415,
9.41716,
5.11246,
1.50264,
37.9364,
79.7957,
59.0883,
59.8247,
54.979,
42.4861,
200.618,
254.331,
254.579,
253.219,
94.2997,
32.2977,
254.651,
254.72,
130.748,
37.4777,
25.2078,
238.83,
252.17,
249.873,
51.6984,
18.5989,
245.59,
243.756,
242.515,
182.617,
14.4849,
9.96201,
10.9683,
9.22034,
9.09166,
2.48759,
39.9862,
79.8519,
59.3774,
59.6977,
58.3701,
45.4026,
201.829,
254.101,
254.748,
253.225,
97.3485,
35.1733,
227.961,
254.952,
200.712,
34.5151,
26.6427,
180.705,
251.918,
249.923,
69.0779,
16.9016,
245.731,
243.535,
242.374,
183.687,
14.3918,
13.2605,
8.05707,
6.30687,
5.05077,
1.77896,
40.0887,
79.9717,
62.3438,
59.7971,
55.2293,
47.4782,
161.767,
254.297,
254.512,
253.095,
108.064,
39.4015,
87.6556,
255.159,
254.655,
51.7188,
30.0493,
81.4978,
251.852,
221.792,
26.8459,
18.6862,
245.902,
244.008,
242.687,
140.31,
12.7194,
10.2487,
8.14453,
9.36359,
4.92131,
2.56778,
37.963,
76.4401,
62.1183,
56.925,
57.6979,
50.6786,
119.617,
254.258,
254.468,
253.295,
174.071,
43.359,
36.6733,
101.003,
254.634,
116.461,
32.43,
28.9679,
70.2793,
54.0334,
25.0111,
90.3582,
245.319,
242.898,
242.397,
183.715,
11.2498,
13.2034,
8.00322,
6.20142,
5.08389,
2.64047,
38.3187,
79.9462,
61.9452,
56.5942,
58.2348,
51.6531,
52.0069,
254.625,
254.172,
253.476,
254.021,
82.1974,
42.8596,
31.0468,
254.791,
213.623,
35.3438,
30.6624,
29.0392,
28.8312,
22.1567,
190.174,
245.641,
242.385,
242.378,
239.238,
96.8789,
10.4017,
7.72995,
6.20505,
4.97319,
1.91669,
39.929,
75.9233,
58.872,
60.0617,
58.0868,
53.6344,
45.7997,
146.636,
254.303,
253.874,
254.372,
242.023,
158.108,
184.904,
254.517,
255.146,
172.218,
47.4278,
28.7817,
38.95,
162.977,
246.06,
245.502,
242.988,
241.881,
238.844,
195.642,
10.6805,
8.13434,
6.3943,
8.97545,
4.29384,
38.0903,
79.4125,
58.9014,
56.9713,
54.9849,
55.8134,
49.9141,
51.017,
240.821,
253.482,
254.418,
254.938,
254.702,
254.556,
254.439,
254.83,
254.417,
251.638,
237.407,
250.067,
249.085,
246.736,
245.636,
243.896,
242.211,
238.888,
238.215,
13.3525,
10.7959,
7.59628,
8.79031,
2.51596,
38.3498,
75.7458,
61.6199,
59.9164,
57.9318,
52.9874,
53.8304,
50.438,
77.1874,
239.929,
255.16,
254.786,
254.832,
254.579,
254.648,
254.695,
254.742,
251.794,
251.586,
250.185,
248.842,
246.864,
245.68,
243.879,
241.838,
239.012,
238.7,
13.5019,
10.9181,
6.60001,
5.04161,
4.38448,
38.0933,
79.3147,
61.5745,
60.0657,
58.076,
55.919,
53.6481,
49.2263,
45.2533,
77.9583,
240.81,
254.527,
255.039,
254.191,
254.392,
254.437,
254.574,
251.445,
251.186,
250.089,
249.001,
246.899,
245.479,
244.361,
241.818,
239.525,
167.061,
10.5279,
7.92223,
6.8295,
5.37625,
3.3071,
39.4575,
75.213,
58.8084,
60.1288,
55.0702,
53.0788,
51.041,
49.4623,
48.2986,
46.8854,
53.5067,
171.354,
255.285,
254.11,
254.826,
254.005,
254.701,
252.06,
251.446,
250.105,
248.517,
246.792,
245.532,
244.03,
241.921,
239.086,
69.6357,
10.6253,
10.793,
9.29546,
9.006,
1.95433,
39.8573,
75.6162,
61.8775,
57.4247,
55.0936,
52.679,
50.7752,
49.3591,
46.9788,
44.9288,
44.3881,
41.077,
51.7767,
114.456,
156.845,
196.089,
197.171,
152.57,
194.241,
249.751,
249.046,
246.467,
245.587,
243.634,
242.467,
98.4707,
14.6682,
10.3717,
8.04898,
6.24692,
9.0654,
1.32816,
40.1077,
75.4442,
61.21,
57.0287,
57.9463,
52.9204,
54.0284,
51.9215,
47.1064,
47.7386,
45.8493,
41.9633,
43.0431,
41.0129,
38.8533,
33.9678,
35.5188,
30.3353,
25.8131,
105.657,
204.964,
246.074,
245.415,
171.632,
71.7496,
13.8993,
11.866,
13.1698,
11.0086,
9.06857,
5.42918,
0.999573,
37.9743,
77.2581,
61.5065,
60.2769,
57.9567,
52.9645,
50.9534,
52.3693,
49.9028,
47.8536,
43.0919,
45.3008,
40.0583,
37.7596,
38.9655,
36.8975,
34.8562,
29.807,
27.8711,
29.2379,
26.9465,
22.0014,
19.9747,
21.0133,
19.0406,
16.8812,
12.1394,
10.0508,
11.0861,
8.86174,
9.12186,
2.86937,
37.9915,
76.5964,
64.7714,
59.897,
57.7359,
53.1062,
53.7516,
52.1393,
31.8898,
30.1163,
30.675,
26.9996,
23.9283,
22.3341,
22.5857,
18.2369,
18.6955,
14.1082,
11.8049,
9.84854,
8.19398,
6.59113,
9.23459,
3.42635,
37.0781,
60.843,
75.1848,
63.8448,
57.9376,
52.938,
54.0585,
52.1806,
50.2435,
44.9173,
45.1003,
41.9336,
39.8799,
41.0864,
38.8354,
36.9921,
35.1058,
29.6958,
30.8746,
28.8231,
24.2757,
21.9106,
23.1,
21.0071,
19.0928,
14.0842,
15.0051,
13.1718,
12.148,
9.05176,
3.92937,
3.26826,
25.045,
41.1558,
60.1752,
71.8571,
71.8089,
65.924,
66.988,
61.1544,
61.6904,
55.881,
57.0249,
52.0573,
50.1892,
46.8141,
45.1123,
41.9272,
44.2667,
37.0339,
35.1529,
35.0954,
29.7677,
31.0935,
28.8878,
22.0125,
20.1663,
17.1147,
15.0873,
11.963,
13.94,
6.90321,
2.75275,
0.982193,
0.20488,
25.7829,
37.3618,
34.7492,
32.9639,
33.9577,
33.0958,
29.8786,
29.7494,
26.6368,
27.5596,
27.0215,
24.0092,
24.8959,
21.599,
21.336,
19.9375,
18.0021,
17.0408,
17.847,
15.8994,
12.837,
11.8682,
11.8188,
10.0666,
7.76685,
7.31982,
7.05408,
5.03053,
3.79529,
2.00952,
-0.0829468,
0.178955,
94.8793,
142.901,
147.811,
145.103,
143.381,
144.754,
143.676,
142.622,
140.928,
140.657,
137.864,
138.846,
135.771,
134.885,
135.734,
132.982,
133.427,
132.606,
131.899,
129.929,
129.837,
128.544,
127.88,
124.323,
123.828,
124.571,
124.231,
121.932,
118.349,
74.8136,
0.0917358,
93.7822,
152.611,
188.682,
202.987,
206.861,
205.675,
203.453,
202.489,
199.624,
200.184,
199.376,
198.447,
196.692,
193.924,
191.762,
191.067,
190.168,
187.122,
189.601,
187.806,
187.798,
183.712,
184.683,
184.11,
181.783,
179.911,
179.304,
179.268,
171.52,
151.04,
122.819,
74.1804,
144.927,
186.951,
203.451,
192.862,
190.709,
188.882,
183.466,
186.263,
180.669,
182.098,
180.404,
176.178,
178.057,
172.633,
172.802,
172.933,
170.706,
168.543,
164.701,
163.18,
164.805,
160.068,
158.176,
159.701,
157.935,
151.937,
151.668,
150.078,
153.99,
169.723,
149.952,
114.097,
149.764,
204.98,
194.696,
192.008,
187.82,
185.938,
183.641,
183.119,
181.924,
179.085,
177.569,
175.993,
176.884,
175.942,
173.695,
172.853,
167.772,
165.354,
167.692,
163.059,
164.944,
159.864,
160.62,
156.915,
157.55,
155.26,
151.633,
152.889,
151.925,
156.797,
171.218,
120.108,
148.898,
209.69,
193.686,
188.978,
190.82,
185.417,
186.469,
185.566,
180.987,
179.347,
180.438,
179.408,
174.944,
175.572,
172.52,
169.991,
170.743,
168.286,
165.599,
165.796,
161.99,
162.954,
157.891,
160.063,
154.911,
151.897,
154.371,
152.961,
148.718,
150.967,
173.687,
118.28,
150.792,
208.108,
190.79,
188.98,
191.129,
188.632,
179.808,
187.614,
224.693,
253.363,
254.173,
238.985,
204.692,
172.885,
170.778,
170.487,
170.752,
164.789,
167.532,
162.932,
165.163,
162.457,
157.822,
156.796,
157.708,
151.871,
154.435,
150.187,
151.002,
149.76,
171.664,
120.358,
150.888,
210.3,
190.719,
191.56,
191.122,
176.12,
194.706,
254.766,
254.53,
253.639,
254.372,
255.11,
254.964,
230.627,
210.748,
229.87,
230.41,
209.737,
197.441,
171.211,
164.797,
159.995,
157.75,
157.26,
155.025,
152.341,
151.569,
152.98,
148.801,
149.812,
171.689,
117.811,
150.722,
208.112,
193.32,
192.034,
180.938,
182.776,
254.884,
254.829,
254.26,
253.658,
253.993,
255.045,
254.991,
255.25,
254.556,
255.634,
254.592,
251.481,
251.331,
249.847,
216.177,
164.785,
157.983,
156.975,
154.842,
152.257,
154.878,
153.142,
151.998,
149.636,
171.957,
119.989,
148.85,
207.901,
190.603,
189.003,
171.796,
225.337,
254.712,
254.859,
254.857,
253.382,
254.468,
254.931,
254.646,
254.669,
254.468,
254.919,
254.801,
251.523,
250.955,
250.17,
248.797,
240.773,
173.381,
157.131,
158.234,
152.235,
154.89,
150.109,
148.855,
146.832,
173.709,
119.862,
150.921,
207.605,
190.722,
192.099,
162.945,
254.397,
254.463,
254.523,
254.999,
254.001,
254.412,
255.038,
254.885,
254.41,
254.683,
254.807,
254.734,
251.66,
251.511,
250.347,
249.191,
246.62,
239.391,
175.284,
154.866,
152.228,
154.965,
149.981,
152.122,
149.783,
173.392,
117.804,
151.2,
209.49,
193.79,
188.795,
163.24,
254.032,
254.595,
254.509,
254.633,
253.935,
254.286,
255.396,
254.745,
254.726,
254.713,
254.974,
254.631,
251.479,
251.105,
250.057,
249.084,
246.649,
245.703,
238.921,
160.045,
151.942,
151.785,
153.024,
149.017,
149.678,
171.465,
117.971,
148.804,
209.843,
193.952,
191.935,
165.919,
236.607,
254.586,
254.969,
254.772,
253.671,
254.25,
249.982,
206.921,
189.022,
189.65,
248.201,
254.996,
246.044,
183.908,
167.937,
215.95,
246.692,
245.431,
243.917,
199.742,
154.91,
154.072,
151.079,
151.849,
148.796,
173.466,
118.057,
148.823,
209.728,
193.746,
188.748,
180.858,
196.444,
254.769,
254.784,
254.821,
253.439,
254.226,
192.252,
174.743,
173.071,
169.944,
170.579,
254.696,
235.968,
167.507,
166.085,
144.958,
227.249,
245.782,
243.682,
242.582,
156.935,
151.367,
153.238,
151.818,
150.239,
173.718,
120.27,
150.383,
210.029,
193.645,
191.894,
187.797,
165.737,
230.764,
254.855,
254.469,
253.489,
220.187,
178.279,
176.64,
173.248,
170.863,
159.616,
214.462,
251.683,
219.474,
167.876,
157.965,
175.08,
245.659,
243.98,
242.279,
184.936,
152.097,
153.322,
151.691,
150.25,
171.855,
120.26,
149.911,
208.452,
191.022,
192.029,
191.069,
170.622,
213.904,
254.449,
254.624,
253.724,
196.549,
163.3,
209.972,
248.642,
181.731,
162.812,
179.611,
251.766,
251.447,
227.853,
160.993,
146.656,
245.477,
243.928,
242.691,
201.73,
154.706,
150.297,
151.714,
149.998,
171.818,
118.333,
148.495,
210.085,
190.766,
191.865,
188.405,
165.352,
230.787,
254.533,
254.415,
253.714,
196.674,
151.991,
255.14,
254.669,
207.778,
173.136,
148.27,
245.246,
251.637,
250.134,
173.024,
141.503,
245.492,
244.333,
