-0.2906
25.1314
35.8499
36.0737
33.9050
32.1008
33.0576
31.0280
29.9687
29.0392
27.8887
25.0070
26.1061
22.9111
21.9994
21.9126
19.0858
19.8924
19.0165
18.1191
14.2698
15.0536
14.0516
13.1032
10.1630
7.9108
8.8627
8.0099
4.8034
4.5789
1.7178
-0.1590
25.2472
38.9205
62.8812
69.0158
72.9511
69.6110
68.0349
64.9994
58.8928
60.0570
57.9925
54.5190
53.8208
48.0800
44.9523
42.8141
39.7511
37.7251
38.8875
35.8030
33.9255
28.2365
28.9809
26.2058
24.1499
21.1000
18.9528
15.9023
9.8335
5.9527
3.8719
1.2028
39.1716
61.5457
71.0345
60.1557
57.5953
55.7914
51.0152
52.1896
46.9019
47.7830
46.2308
41.7825
42.9573
37.7011
37.9132
36.9079
34.9218
32.6342
27.7559
26.1642
26.9466
22.1550
20.0379
21.0176
19.0144
14.0378
12.3853
9.9171
7.9152
6.8391
7.2037
0.5504
40.0417
73.4804
63.6144
60.3000
55.0235
52.9417
50.7272
49.3116
48.9134
44.8104
42.5023
42.1603
41.8326
40.6560
38.7792
36.9633
32.1456
29.3361
30.8326
26.2148
27.0449
21.9832
22.9937
18.1517
18.9123
16.6711
11.7866
13.2919
10.8451
10.0958
9.0240
3.3570
38.1790
79.2040
61.7223
57.1415
57.9622
53.0173
53.7615
52.3901
46.8597
44.9266
45.9778
45.3363
40.0665
41.3106
38.1152
34.5862
34.9277
32.6842
28.9456
29.3045
23.9564
24.9789
19.9152
21.1905
16.4453
14.2227
15.1769
12.8659
7.9539
8.9169
8.8606
1.0599
40.0780
75.5828
59.0115
57.0210
58.1909
55.8810
50.8471
94.6730
186.5130
253.6952
253.9070
215.3654
119.6738
38.2540
35.8223
34.7947
34.8813
30.0692
31.4084
26.0936
26.7911
25.0896
19.9621
18.0916
18.7223
13.5000
14.7282
10.0806
9.8151
9.2243
5.0337
3.0779
39.9756
80.0162
59.2161
59.8583
57.9226
47.5012
119.6408
253.9481
254.5964
253.6728
254.2296
255.1665
254.9335
199.8944
155.5827
198.9595
198.3031
152.8038
112.3266
42.4240
26.9533
22.2576
20.0879
18.8364
16.1430
14.0252
12.1756
12.9492
7.8074
9.0581
5.2222
1.1411
40.1283
75.8283
62.1665
59.6905
51.8099
93.1085
254.6597
254.5704
254.6938
253.7290
254.5577
255.0834
254.9325
254.7576
254.6696
254.8947
254.1261
251.3693
250.7986
250.1645
164.7459
35.6223
20.1379
19.1819
15.5369
13.5269
14.9222
13.2438
11.0849
9.2838
5.2149
3.5588
38.5112
76.3226
59.7250
56.5514
48.2926
188.0398
254.3453
253.7875
254.6590
253.9701
254.6205
254.8852
254.9697
254.5006
254.6859
254.4801
254.4266
251.2207
250.7801
250.2034
249.2804
232.9996
61.7481
18.4715
19.1909
14.2312
15.1724
9.8723
7.9647
5.8638
8.9047
2.8962
40.3816
77.9874
59.2632
59.8520
43.9128
254.0144
254.6290
254.2299
254.4032
254.2238
254.5048
255.0554
255.0438
254.8631
254.5213
254.7999
254.5207
251.3912
250.6550
250.1525
248.9130
247.0147
231.8468
62.4091
15.6723
13.7577
14.8431
9.8304
11.0778
9.2377
9.3106
1.3105
40.2391
80.2493
62.8358
56.7288
44.2555
254.0758
254.4771
253.5146
254.6574
253.6173
254.3960
254.8236
254.9778
254.6256
254.5421
254.9982
254.6117
251.5568
251.1596
249.8568
248.9895
246.4238
245.4441
229.5221
28.7734
14.1292
11.7333
12.9997
8.1902
9.0170
4.9817
1.4143
38.3278
80.3278
62.6209
59.6685
44.0082
213.0298
254.5990
253.8294
254.2129
253.4755
254.0936
241.3064
132.8578
91.8886
112.8300
242.4459
254.9473
237.6481
82.8167
65.0561
177.9823
246.4086
245.4827
243.6740
130.5457
17.1081
14.5090
11.0283
11.0948
7.9847
8.8790
0.9600
38.2827
80.3837
62.2586
56.6789
52.8792
121.5644
254.4313
254.3831
254.0290
253.5403
253.9783
84.4501
40.0424
38.7106
37.1058
72.1472
254.7727
211.1320
31.2425
29.0968
19.3899
204.4844
245.8270
243.6365
242.3403
26.3865
11.5727
13.5436
10.9048
9.2500
8.9028
3.4144
40.4660
79.9154
62.2413
59.6808
55.0811
42.2015
199.4623
254.1288
254.4818
253.3067
161.0544
44.2218
40.8864
38.4379
35.7905
32.3131
169.5060
251.6765
168.3804
40.4164
24.7681
90.9182
245.5660
244.0648
242.6163
97.9222
11.3991
13.3786
10.7325
9.4384
5.3291
3.8110
38.8478
76.0323
59.3683
59.7042
57.9475
45.9292
161.7845
254.2780
254.2786
253.4176
95.4333
36.5662
156.7036
241.0405
62.6019
31.3911
96.7353
251.8184
251.4154
194.0294
23.9360
31.0132
245.8621
244.1261
242.1296
141.3428
14.4423
10.3904
10.9415
9.4172
5.1125
1.5026
37.9364
79.7957
59.0882
59.8247
54.9790
42.4861
200.6180
254.3308
254.5789
253.2186
94.2997
32.2977
254.6510
254.7194
130.7478
37.4777
25.2078
238.8297
252.1696
249.8733
51.6984
18.5989
245.5902
243.7554
242.5146
182.6170
14.4849
9.9620
10.9683
9.2203
9.0917
2.4876
39.9862
79.8518
59.3774
59.6976
58.3700
45.4026
201.8290
254.1012
254.7476
253.2248
97.3484
35.1732
227.9611
254.9516
200.7115
34.5151
26.6427
180.7047
251.9176
249.9232
69.0779
16.9016
245.7313
243.5347
242.3739
183.6869
14.3918
13.2605
8.0571
6.3069
5.0508
1.7790
40.0887
79.9717
62.3438
59.7971
55.2292
47.4782
161.7667
254.2966
254.5116
253.0946
108.0640
39.4014
87.6556
255.1586
254.6550
51.7188
30.0493
81.4978
251.8516
221.7920
26.8458
18.6861
245.9014
244.0074
242.6872
140.3102
12.7194
10.2487
8.1445
9.3636
4.9213
2.5678
37.9630
76.4401
62.1182
56.9249
57.6978
50.6786
119.6168
254.2574
254.4677
253.2949
174.0713
43.3589
36.6733
101.0033
254.6339
116.4614
32.4299
28.9679
70.2792
54.0333
25.0111
90.3581
245.3184
242.8975
242.3971
183.7153
11.2498
13.2034
8.0032
6.2014
5.0839
2.6405
38.3187
79.9461
61.9452
56.5942
58.2347
51.6530
52.0069
254.6247
254.1721
253.4756
254.0209
82.1974
42.8596
31.0467
254.7909
213.6229
35.3438
30.6624
29.0391
28.8312
22.1567
190.1742
245.6409
242.3845
242.3779
239.2375
96.8788
10.4017
7.7299
6.2050
4.9732
1.9167
39.9290
75.9232
58.8720
60.0616
58.0868
53.6344
45.7997
146.6362
254.3027
253.8736
254.3723
242.0234
158.1079
184.9037
254.5166
255.1460
172.2183
47.4278
28.7817
38.9500
162.9767
246.0599
245.5021
242.9880
241.8809
238.8439
195.6422
10.6804
8.1343
6.3943
8.9754
4.2938
38.0902
79.4125
58.9013
56.9712
54.9849
55.8134
49.9140
51.0169
240.8206
253.4816
254.4174
254.9374
254.7018
254.5561
254.4387
254.8297
254.4168
251.6380
237.4065
250.0671
249.0845
246.7356
245.6358
243.8958
242.2106
238.8881
238.2144
13.3525
10.7959
7.5963
8.7903
2.5160
38.3498
75.7458
61.6199
59.9164
57.9318
52.9873
53.8304
50.4380
77.1873
239.9285
255.1600
254.7855
254.8314
254.5790
254.6482
254.6947
254.7416
251.7934
251.5862
250.1848
248.8421
246.8636
245.6804
243.8787
241.8377
239.0115
238.6998
13.5019
10.9181
6.6000
5.0416
4.3845
38.0933
79.3147
61.5745
60.0657
58.0760
55.9189
53.6481
49.2263
45.2533
77.9583
240.8101
254.5264
255.0390
254.1904
254.3917
254.4369
254.5743
251.4453
251.1861
250.0884
249.0006
246.8987
245.4789
244.3610
241.8181
239.5248
167.0606
10.5279
7.9222
6.8295
5.3762
3.3071
39.4575
75.2129
58.8084
60.1288
55.0701
53.0788
51.0410
49.4623
48.2986
46.8854
53.5067
171.3543
255.2845
254.1102
254.8259
254.0053
254.7008
252.0596
251.4461
250.1045
248.5169
246.7916
245.5317
244.0297
241.9205
239.0859
69.6356
10.6253
10.7930
9.2955
9.0060
1.9543
39.8573
75.6162
61.8774
57.4246
55.0935
52.6790
50.7752
49.3591
46.9787
44.9288
44.3880
41.0770
51.7766
114.4559
156.8452
196.0888
197.1708
152.5702
194.2407
249.7507
249.0456
246.4667
245.5866
243.6339
242.4668
98.4706
14.6682
10.3717
8.0490
6.2469
9.0654
1.3282
40.1076
75.4441
61.2100
57.0287
57.9463
52.9204
54.0283
51.9214
47.1064
47.7385
45.8493
41.9633
43.0431
41.0129
38.8533
33.9677
35.5188
30.3352
25.8131
105.6571
204.9643
246.0739
245.4144
171.6315
71.7495
13.8993
11.8660
13.1698
11.0086
9.0686
5.4292
0.9996
37.9743
77.2580
61.5065
60.2769
57.9566
52.9645
50.9534
52.3693
49.9027
47.8536
43.0919
45.3008
40.0582
37.7596
38.9655
36.8975
34.8561
29.8070
27.8710
29.2379
26.9465
22.0014
19.9747
21.0133
19.0406
16.8812
12.1394
10.0508
11.0861
8.8617
9.1219
2.8694
37.9914
76.5964
64.7713
59.8970
57.7359
53.1062
53.7516
52.1392
49.5682
48.0398
42.9509
42.3411
39.8273
40.0605
35.7614
36.6592
31.8897
30.1163
30.6750
26.9996
23.9283
22.3341
22.5857
18.2369
18.6955
14.1082
11.8049
9.8485
8.1940
6.5911
9.2346
3.4263
37.0781
60.8430
75.1848
63.8448
57.9375
52.9380
54.0585
52.1806
50.2435
44.9173
45.1003
41.9336
39.8798
41.0864
38.8354
36.9920
35.1058
29.6958
30.8746
28.8231
24.2757
21.9106
23.1000
21.0071
19.0928
14.0841
15.0051
13.1718
12.1480
9.0518
3.9294
3.2683
25.0450
41.1558
60.1752
71.8570
71.8088
65.9240
66.9879
61.1544
61.6904
55.8810
57.0249
52.0573
50.1892
46.8140
45.1123
41.9272
44.2666
37.0339
35.1529
35.0954
29.7677
31.0935
28.8878
22.0125
20.1663
17.1147
15.0873
11.9630
13.9400
6.9032
2.7527
0.9822
0.2049
25.7829
37.3618
34.7492
32.9639
33.9576
33.0958
29.8786
29.7494
26.6368
27.5595
27.0215
24.0092
24.8959
21.5990
21.3360
19.9375
18.0021
17.0407
17.8470
15.8994
12.8370
11.8682
11.8188
10.0666
7.7668
7.3198
7.0541
5.0305
3.7953
2.0095
-0.0829
0.1790
94.8792
142.9013
147.8107
145.1025
143.3814
144.7540
143.6756
142.6221
140.9278
140.6567
137.8640
138.8455
135.7711
134.8850
135.7335
132.9815
133.4270
132.6056
131.8992
129.9291
129.8366
128.5441
127.8802
124.3231
123.8281
124.5705
124.2314
121.9323
118.3493
74.8135
0.0917
93.7821
152.6105
188.6821
202.9867
206.8610
205.6750
203.4533
202.4890
199.6236
200.1837
199.3754
198.4469
196.6920
193.9237
191.7616
191.0669
190.1682
187.1220
189.6007
187.8061
187.7982
183.7123
184.6834
184.1096
181.7833
179.9108
179.3039
179.2681
171.5201
151.0399
122.8185
74.1803
144.9271
186.9507
203.4509
192.8617
190.7088
188.8817
183.4656
186.2625
180.6692
182.0983
180.4040
176.1779
178.0571
172.6325
172.8019
172.9329
170.7062
168.5429
164.7006
163.1795
164.8053
160.0677
158.1762
159.7013
157.9351
151.9370
151.6676
150.0779
153.9897
169.7231
149.9517
114.0973
149.7635
204.9795
194.6956
192.0079
187.8204
185.9377
183.6410
183.1191
181.9242
179.0845
177.5693
175.9927
176.8839
175.9419
173.6945
172.8530
167.7719
165.3540
167.6915
163.0586
164.9437
159.8642
160.6199
156.9153
157.5499
155.2594
151.6331
152.8885
151.9253
156.7972
171.2184
120.1075
148.8984
209.6899
193.6856
188.9780
190.8194
185.4170
186.4688
185.5658
180.9869
179.3464
180.4375
179.4075
174.9441
175.5716
172.5204
169.9912
170.7428
168.2854
165.5985
165.7963
161.9898
162.9535
157.8911
160.0628
154.9107
151.8972
154.3712
152.9612
148.7175
150.9667
173.6874
118.2799
150.7921
208.1076
190.7903
188.9794
191.1289
188.6315
179.8080
187.6143
224.6928
253.3632
254.1731
238.9847
204.6914
172.8851
170.7779
170.4869
170.7516
164.7893
167.5317
162.9321
165.1634
162.4570
157.8216
156.7957
157.7077
151.8709
154.4354
150.1868
151.0015
149.7595
171.6641
120.3577
150.8881
210.2994
190.7194
191.5601
191.1218
176.1200
194.7059
254.7657
254.5300
253.6393
254.3721
255.1098
254.9638
230.6273
210.7475
229.8701
230.4095
209.7371
197.4407
171.2107
164.7970
159.9949
157.7495
157.2599
155.0253
152.3414
151.5688
152.9801
148.8005
149.8118
171.6893
117.8111
150.7218
208.1123
193.3198
192.0338
180.9378
182.7761
254.8835
254.8291
254.2596
253.6575
253.9932
255.0452
254.9907
255.2503
254.5562
255.6337
254.5921
251.4804
251.3310
249.8472
216.1768
164.7853
157.9827
156.9749
154.8421
152.2567
154.8782
153.1423
151.9978
149.6362
171.9565
119.9894
148.8496
207.9008
190.6029
189.0032
171.7960
225.3372
254.7115
254.8585
254.8564
253.3823
254.4675
254.9312
254.6459
254.6690
254.4681
254.9190
254.8007
251.5233
250.9553
250.1703
248.7964
240.7732
173.3805
157.1304
158.2334
152.2348
154.8901
150.1092
148.8546
146.8314
173.7085
119.8621
150.9212
207.6050
190.7221
192.0985
162.9454
254.3966
254.4626
254.5231
254.9991
254.0006
254.4117
255.0377
254.8845
254.4099
254.6826
254.8064
254.7336
251.6600
251.5111
250.3473
249.1910
246.6196
239.3911
175.2843
154.8659
152.2280
154.9648
149.9808
152.1221
149.7829
173.3924
117.8044
151.1999
209.4900
193.7899
188.7948
163.2403
254.0316
254.5948
254.5090
254.6324
253.9350
254.2856
255.3954
254.7451
254.7263
254.7127
254.9739
254.6309
251.4787
251.1044
250.0564
249.0836
246.6492
245.7024
238.9204
160.0448
151.9416
151.7853
153.0240
149.0174
149.6779
171.4652
117.9707
148.8041
209.8431
193.9522
191.9352
165.9188
236.6068
254.5855
254.9684
254.7716
253.6708
254.2495
249.9817
206.9209
189.0221
189.6495
248.2005
254.9961
246.0438
183.9080
167.9370
215.9494
246.6922
245.4304
243.9167
199.7416
154.9099
154.0721
151.0793
151.8488
148.7964
173.4654
118.0572
148.8225
209.7278
193.7462
188.7480
180.8584
196.4436
254.7688
254.7841
254.8213
253.4392
254.2257
192.2519
174.7429
173.0707
169.9438
170.5791
254.6958
235.9684
167.5066
166.0845
144.9584
227.2485
245.7820
243.6816
242.5817
156.9346
151.3665
153.2379
151.8179
150.2384
173.7184
120.2700
150.3832
210.0293
193.6445
191.8940
187.7970
165.7369
230.7643
254.8548
254.4692
253.4885
220.1868
178.2785
176.6401
173.2474
170.8626
159.6164
214.4622
251.6827
219.4738
167.8758
157.9647
175.0800
245.6586
243.9801
242.2792
184.9354
152.0969
153.3222
151.6909
150.2499
171.8547
120.2600
149.9107
208.4517
191.0216
192.0288
191.0689
170.6216
213.9040
254.4485
254.6241
253.7238
196.5492
163.3004
209.9718
248.6417
181.7308
162.8114
179.6106
251.7657
251.4473
227.8527
160.9931
146.6561
245.4772
243.9277
242.6909
201.7303
154.7064
150.2968
151.7144
149.9977
171.8182
118.3332
148.4953
210.0844
190.7655
191.8650
188.4048
165.3517
230.7868
254.5327
254.4145
253.7142
196.6741
151.9909
255.1397
254.6686
207.7782
173.1355
148.2699
245.2457
251.6373
250.1343
173.0238
141.5028
245.4915
244.3329
242.7083
217.4150
154.5201
150.2639
151.8117
149.7245
173.7703
119.8779
150.5606
209.9006
190.6830
191.8798
189.9290
168.5452
231.2701
254.6847
254.4797
253.4697
198.3467
157.4298
242.8413
255.0304
235.1304
170.7009
153.4433
217.2082
251.5529
250.5397
180.9418
139.5621
246.0393
243.9604
242.5140
219.2363
154.6212
153.0603
149.1058
146.8996
171.6282
118.2380
150.8813
209.8723
193.6834
191.9910
188.1597
173.6595
213.7473
254.8699
254.6897
253.4742
201.3733
170.0210
178.6451
254.4376
254.5656
178.2563
162.7087
171.9607
251.3415
238.9212
164.9199
141.5332
245.6338
243.5561
243.0621
200.5363
152.3254
149.9638
149.0819
149.7375
171.5146
120.0218
148.9764
208.0992
194.0712
188.9600
190.9978
178.3433
194.7345
254.4181
254.7195
253.3546
225.0982
177.1521
168.0362
183.9002
254.7863
202.7510
167.8999
161.0954
178.6700
173.6049
158.1281
174.6705
245.5096
243.3321
242.2237
219.3106
151.4247
152.9062
148.7531
147.4230
171.6282
119.3984
148.7942
209.5421
193.6625
189.2478
191.0270
183.5077
163.5604
254.9494
254.7616
253.5174
254.1917
191.0731
177.8947
151.7115
254.8797
239.3097
170.9431
164.9854
164.8897
166.0301
148.7085
220.6393
245.3492
243.4351
242.2292
239.0844
185.9704
149.9590
149.3189
147.2083
171.9262
118.7094
150.7439
208.2639
190.6673
192.1428
190.8010
186.0445
171.9419
206.9813
254.4417
253.9091
254.5007
250.1490
212.8469
221.9339
254.4249
255.4084
222.8697
173.4365
163.9214
158.9504
208.9608
246.5903
245.5265
243.4799
242.4513
239.6262
222.5085
150.2158
149.0262
147.1803
174.0000
120.6598
148.6473
209.8198
190.3281
189.0693
187.7062
188.9326
181.8041
165.3829
248.9371
253.4657
254.5853
254.9793
254.6541
254.5453
254.1543
254.9941
254.5118
251.9584
244.3232
249.9703
248.7443
246.5525
245.6623
243.7969
242.7672
239.4772
239.1100
153.1318
151.6394
148.9732
173.7835
118.7052
149.0163
207.9594
193.9319
192.0434
190.8246
185.6170
186.5901
180.5482
175.7454
248.0580
254.6920
254.7948
254.9310
254.8180
254.5568
255.1173
254.5546
250.9585
251.1762
250.2343
248.7326
246.6544
245.3806
244.0826
242.5335
238.8833
238.7354
153.2901
151.7886
147.1417
171.5924
120.8658
149.0855
209.4393
193.3978
192.0205
190.8117
188.6729
186.5088
183.4327
176.0206
176.5181
248.7705
254.8904
255.0992
254.2147
254.4594
254.4302
254.6099
251.2989
251.4055
249.9981
249.0333
246.5921
245.5558
244.0048
242.6916
239.7760
211.2083
150.0324
149.1459
146.4928
171.5802
119.2554
151.0316
207.9775
190.4432
192.2979
187.9030
185.9156
183.3359
183.4626
180.8779
180.5134
170.7335
216.8273
254.8215
254.3104
254.3531
254.3049
254.4692
251.3982
251.3579
250.0230
248.7475
246.7174
245.7007
244.1849
242.3828
239.2391
175.1253
150.1620
151.8716
149.9500
173.7141
118.6046
150.7836
207.9995
193.2615
188.7306
187.8972
185.7164
183.5388
182.6744
181.0150
179.2271
177.6196
174.8357
173.8173
195.5295
210.3245
228.4157
229.5580
207.7034
225.2196
250.0897
248.9695
246.7651
245.7284
244.1213
242.3494
185.2297
154.4971
150.0975
148.9691
146.9339
173.5817
118.1549
151.1346
208.1301
191.6751
188.7315
190.9396
185.2839
186.5948
185.6288
180.6954
182.1631
180.5834
175.8917
178.0935
175.3807
173.8853
169.4005
170.5473
165.1074
156.6819
185.1249
228.9368
246.7713
245.5490
215.6429
176.9283
152.2424
151.3064
153.0436
151.7738
149.8427
171.5562
118.1816
148.9597
207.9350
193.7109
191.9398
191.0362
185.2272
183.5088
185.6090
183.7190
181.5489
177.7630
179.0668
174.7482
172.8669
173.6338
172.9247
170.6173
165.2286
164.4571
166.1654
164.9423
159.7657
158.0438
160.1559
157.8737
155.1729
151.6990
149.7225
152.0605
150.7842
173.8855
119.9339
148.8182
206.1296
196.6035
191.8934
191.1348
185.8594
185.8382
185.9849
183.7604
181.7621
177.7624
176.3355
174.7125
174.9734
170.7379
173.3184
167.7512
164.9328
167.6388
163.8597
161.6697
160.0222
160.6298
157.1618
157.7589
151.7930
151.3865
149.9324
148.9369
153.6222
169.6509
119.9460
143.4752
186.5286
206.4993
195.9573
190.8321
186.2644
187.1692
186.2635
183.6617
178.7377
179.5234
176.0033
174.6436
175.8749
173.6724
173.3066
170.9009
165.2018
167.8302
166.3762
161.8179
159.8172
161.2300
160.3220
157.6045
152.1297
154.6084
154.1290
158.9280
172.8682
146.7365
116.1132
93.7775
153.8427
185.0426
204.0116
206.8506
202.7356
203.6386
200.5412
201.3165
198.2489
198.4295
196.3025
195.1704
192.7854
191.6823
191.1144
192.3709
186.9411
186.6606
186.8203
184.6955
185.7637
183.6875
180.8174
179.7881
176.7402
176.2443
176.0956
172.8310
150.2747
120.8641
74.6252
0.3297
94.5436
145.0479
145.8906
144.8329
145.5235
144.6698
141.8930
142.5270
138.9236
140.3847
139.7940
137.0781
138.0882
134.8679
133.8377
134.2370
131.1987
130.7883
131.8396
130.7793
127.4425
126.7167
127.4997
124.8409
122.8270
122.1140
124.1415
121.7648
117.1210
74.8486
0.4185
0.2450
129.8710
200.9892
209.0211
206.8458
205.5874
206.7533
206.9539
207.0058
205.9960
205.5094
203.7148
205.8807
202.6353
202.7594
203.6079
202.6945
202.9493
202.5012
202.9950
200.7716
202.7885
201.5646
200.8311
199.5987
197.8196
200.4672
200.3145
197.7733
192.0515
121.8113
0.4618
128.8038
209.4910
236.6904
244.4659
249.4194
247.1883
247.2669
247.5347
244.4343
245.8056
245.5414
246.1347
244.8831
242.1252
241.7319
241.9940
241.6904
239.9834
241.4701
242.0889
241.8216
238.9379
240.3650
239.8867
239.6206
237.3828
238.1218
239.1556
232.7288
221.9024
201.5544
122.2850
201.5237
234.0466
246.4285
244.9631
246.9113
245.7065
241.4071
244.8405
240.9253
242.4925
242.5990
240.0890
242.0808
237.3985
239.5944
240.5756
239.7202
237.8002
234.6742
235.0506
236.8171
233.7904
232.4820
234.9634
234.2354
229.5620
229.9186
230.3701
229.7734
235.0153
219.6507
190.6373
208.7793
243.9038
245.5095
246.8773
243.8464
243.1617
241.6012
242.0690
241.5000
239.7261
239.2628
240.1463
240.9574
240.8334
240.2888
239.8718
236.7956
234.7627
237.2343
235.1034
237.0189
233.9844
235.9333
232.3181
234.7467
232.9111
230.3118
233.3355
232.0918
232.8628
234.3354
198.8503
207.4163
249.4797
247.6730
243.9177
246.8126
242.9213
244.7089
244.6286
240.2811
239.2320
242.0163
243.0626
238.8413
240.8316
239.7091
237.0507
239.7656
237.6789
235.4748
237.9657
233.7575
236.5401
232.6415
235.0100
231.7184
229.8203
233.4114
232.9935
229.0852
232.0001
236.8061
197.2172
209.8133
246.7954
244.3293
244.3256
247.1556
245.5559
238.4049
234.2444
243.6654
253.2353
254.1543
251.0679
245.1828
237.3326
237.3382
237.1177
239.7628
235.0110
237.6326
234.7992
236.9808
236.5049
232.1494
231.4657
234.8013
229.5347
233.4116
230.0073
230.5668
231.6294
234.7078
199.2318
209.8121
248.7682
244.3815
247.1362
246.8958
233.7182
231.5457
255.0557
254.6973
254.0195
254.4238
254.6978
254.9366
246.7740
240.4890
247.0025
248.1354
241.0993
241.7499
238.6066
236.6259
233.4846
232.7171
231.5636
231.3616
229.8703
230.4342
232.8917
228.9392
232.0874
234.9091
197.2730
209.5898
246.5223
247.2005
247.1664
237.5599
228.5252
254.6515
255.2616
254.7941
253.3149
254.2773
255.0453
254.8650
254.7971
254.5184
254.9807
254.2380
251.9448
251.0378
250.3121
243.7479
234.8077
232.6727
232.1451
231.7223
230.0142
233.0128
233.0737
231.8170
231.8305
234.2585
198.7862
207.5992
246.7184
244.2023
244.0095
229.9171
243.5749
254.7869
254.8153
254.4445
254.0585
254.8751
254.7447
254.9070
254.6339
254.3731
254.6631
254.5098
251.8928
251.3548
250.1138
248.7054
245.7908
234.5882
231.9915
234.5482
229.1694
233.3631
230.2832
228.7168
228.8406
236.4785
199.1296
209.6835
247.1469
244.6456
246.9335
222.7511
254.6159
254.5242
254.7882
254.9531
254.2178
254.4640
254.8235
254.8640
254.6029
254.8006
254.9695
254.4403
252.1562
251.1135
249.9312
249.0151
247.0492
244.7151
237.0430
231.6880
229.5569
233.5181
229.9785
231.8380
231.7426
236.6103
196.8230
209.8466
248.2163
247.4541
244.2218
222.7076
254.8044
254.1626
255.2261
254.6867
253.3403
254.1529
254.8840
254.7711
254.9766
254.3763
255.5662
254.5875
251.8468
251.4175
249.9292
248.8385
246.4037
245.6810
242.9229
232.7024
229.7984
230.3382
233.1974
228.9078
231.6322
234.5050
196.7923
207.5138
248.9289
247.4209
246.8912
225.1569
247.6273
254.7661
254.8575
254.8297
253.8017
254.7152
253.1829
243.0552
237.6990
231.4310
251.8789
254.5415
250.6650
235.1105
225.9425
238.0218
246.7078
245.5243
244.0777
238.7189
232.7382
233.2688
230.9918
231.8525
230.8698
236.4949
196.7807
207.7752
248.7087
247.2424
244.2611
237.7461
233.9220
254.7036
255.1816
254.6404
253.5801
254.0145
244.1003
239.1511
237.4171
236.4497
224.9513
254.9632
249.1024
237.7843
237.7171
216.7946
240.7434
245.5139
243.5982
242.6152
230.2891
230.5125
233.3583
231.5638
231.7511
236.8800
199.1839
209.9827
248.8032
247.3999
247.0106
243.8149
225.6954
245.5396
255.0824
254.9476
254.0758
247.6132
242.6571
240.2550
237.8408
237.5416
226.1204
240.8622
251.6512
245.4862
236.0213
229.5421
224.7916
245.7204
244.0209
242.6812
233.5873
231.4594
233.2046
231.7509
231.7713
235.0681
199.3842
209.0656
246.6378
244.5677
246.7693
246.7835
229.3780
239.6971
254.6937
254.7848
253.7934
243.4717
227.0945
238.9151
253.7726
239.6643
230.0914
227.5492
251.3918
251.2193
246.0089
233.0594
214.8122
245.4999
243.9148
242.6443
235.6967
233.3351
230.2634
231.9082
231.9208
234.5749
197.2837
207.8776
248.4255
244.4752
247.2730
243.9561
225.9442
245.7205
255.1570
254.7914
253.3563
243.1540
218.2456
254.7956
254.7893
244.7101
240.1739
216.5670
248.6489
251.5995
249.9593
236.0026
214.7359
245.7236
244.1694
242.7209
236.8808
233.2930
229.9861
231.9252
231.4573
236.6557
199.1456
209.6985
248.9362
244.2824
246.9507
246.8310
227.6176
246.3855
254.6202
255.1432
253.6211
245.3983
223.2327
249.5444
254.6516
250.5187
237.3043
222.5866
239.6874
251.3810
250.1000
238.7905
212.8518
245.5123
243.6808
242.7483
237.6999
233.1923
233.4347
228.5314
228.9069
234.2764
197.1914
209.8103
248.3794
247.3354
246.9125
244.0434
232.1655
239.4462
254.9272
254.9368
253.3144
244.3136
234.0497
227.6981
255.0498
254.6540
241.6744
231.6364
225.1321
251.5150
247.9229
236.9845
214.3494
245.5187
243.3743
242.4813
235.8718
231.3473
230.0233
228.8888
231.5748
234.8091
198.7646
207.6665
246.8255
247.4355
243.9310
247.0130
236.5121
231.5431
254.6469
254.6747
254.0402
248.4801
241.7483
232.1613
229.7398
254.3586
243.7940
237.0965
231.2345
235.8475
236.6604
229.9399
224.6312
245.3855
243.2488
242.6952
237.6636
230.2692
232.7721
228.9699
228.8791
234.8236
197.1945
208.1099
248.2209
247.4067
243.9128
246.6942
241.8124
220.6579
255.0315
254.5018
253.7914
254.4283
243.2040
241.7594
217.9664
254.6682
252.0989
239.6758
234.7112
234.3185
237.9025
220.8299
238.5934
245.3231
244.1760
242.7378
239.2055
235.4564
230.1742
229.0017
228.6479
234.5043
197.1502
209.8167
246.9195
244.9038
247.1450
247.0334
243.5264
231.6401
237.7054
254.5358
253.7480
254.6799
252.9271
242.1155
242.4526
254.9950
254.7151
248.6176
238.2118
233.4167
226.1971
234.8325
247.0632
245.6356
244.0383
242.6345
239.7341
237.3856
230.1335
229.0056
228.7523
236.4158
199.2347
207.4169
248.6817
244.3533
244.0807
243.8097
245.7367
240.3430
223.0775
251.6561
253.9859
254.5799
254.9792
254.9815
254.4263
254.6267
254.8528
254.2160
251.8345
248.7307
249.8344
249.1069
246.7425
245.8039
243.6996
242.9277
239.2876
239.0153
233.3556
231.7952
231.1878
236.7088
197.7203
207.4806
246.5715
247.2675
246.9525
247.1000
242.6748
244.5146
240.9359
225.7444
251.4198
254.3969
255.0481
254.8215
254.5206
254.7722
255.2565
254.7264
251.6110
251.2854
250.1769
248.8973
246.8090
245.6494
244.1807
242.4405
239.3421
239.0626
233.2276
231.9876
228.8793
234.6288
199.2637
207.8456
248.8144
247.7630
246.7872
246.5127
246.0102
244.4738
241.7049
236.8191
226.8516
251.5188
255.0638
254.9140
254.6777
254.5108
255.0800
254.5481
251.7184
251.1686
249.9535
248.8075
246.9543
245.5227
243.9968
243.0801
239.5224
236.8128
229.8320
228.8209
228.5558
234.4703
196.9015
209.8659
246.9775
244.2433
247.2742
243.7190
242.5163
241.4881
242.1687
240.7766
241.5487
229.4616
241.9904
254.8458
254.7769
254.5282
255.1295
254.4528
251.7740
251.5660
250.3301
248.8330
246.3735
245.7464
244.0800
242.6354
239.9372
234.5100
230.1507
232.0886
231.8736
236.7132
197.4105
209.2652
247.1024
247.7196
243.8913
244.1772
242.9107
241.5178
241.6991
240.4757
239.9526
239.3973
240.2789
233.8568
236.7328
241.4890
245.4906
246.4976
238.8908
242.2382
249.8012
249.0135
246.8563
245.6086
244.0067
242.5529
233.6094
233.3451
229.8786
229.3659
228.9698
236.6154
197.0562
209.7567
246.9457
246.6411
243.9123
246.8255
242.7843
244.6496
244.7333
240.5837
242.4797
242.3016
240.1956
241.4952
240.5245
240.3212
237.2343
239.8764
234.7135
226.8578
228.9183
242.9808
245.9663
245.4329
238.3507
234.6676
230.1128
230.5833
232.9095
232.1296
231.4032
234.5040
196.5999
207.8115
246.5196
247.2175
246.9109
246.7009
242.7431
241.3054
244.6922
243.5512
242.5990
239.4119
242.8974
239.8477
237.8097
240.6024
240.4708
239.7259
234.6369
234.6504
238.1998
237.0863
233.6223
232.4791
234.9391
234.8807
232.9116
230.4357
230.0313
231.9817
231.9551
236.7642
198.5223
207.8226
246.7181
247.4476
246.8467
246.9240
242.7395
243.3953
244.8903
244.0679
242.8725
239.6217
240.3211
238.7504
239.3097
237.6961
239.6587
236.8795
234.3279
237.8070
236.1041
233.8894
233.6341
235.9111
231.9081
234.3027
229.2535
230.0877
230.0895
229.0754
230.9102
233.4723
199.2276
201.1247
232.7545
248.4434
246.8604
246.7660
242.4155
244.5400
244.6239
243.9247
239.4943
241.7164
239.8976
238.9707
240.4706
240.4199
239.8193
239.9228
234.8468
237.5953
238.3033
233.6401
233.7562
235.5649
234.9799
234.7114
229.8011
233.3861
233.0182
233.9764
235.5219
217.3128
192.1502
128.9179
211.0805
233.9284
245.9531
248.5811
245.5410
246.5173
244.5893
246.7746
242.7262
245.3637
244.1764
242.8666
241.6432
241.6433
241.1983
244.0410
240.1959
239.4410
240.8893
238.6563
240.3723
240.4564
237.8542
237.6577
235.9204
236.4496
235.8876
233.8701
219.9182
199.6158
122.0213
0.4256
129.4766
203.2911
206.7477
206.7839
207.2637
206.5535
205.6385
207.1522
203.7643
205.4820
206.1809
203.6225
204.5584
202.4785
203.1375
203.6859
200.6845
200.8462
203.0746
202.9794
200.7309
199.7142
201.0540
199.5009
197.6874
198.0440
200.1802
197.9814
191.1232
121.9762
0.7677
-0.2906
25.1314
35.8499
36.0737
33.9050
32.1008
33.0576
31.0280
29.9687
29.0392
27.8887
25.0070
26.1061
22.9111
21.9994
21.9126
-0.2906
25.1314
35.8499
36.0737
33.9050
32.1008
33.0576
31.0280
29.9687
29.0392
27.8887
25.0070
26.1061
22.9111
21.9994
21.9126
19.0858
19.8924
19.0165
18.1191
14.2698
15.0536
14.0516
13.1032
10.1630
7.9108
8.8627
8.0099
4.8034
4.5789
1.7178
-0.1590
25.2472
38.9205
62.8812
69.0158
72.9511
69.6110
68.0349
64.9994
58.8928
60.0570
57.9925
54.5190
53.8208
48.0800
44.9523
42.8141
39.7511
37.7251
38.8875
35.8030
33.9255
28.2365
28.9809
26.2058
24.1499
21.1000
18.9528
15.9023
9.8335
5.9527
3.8719
1.2028
39.1716
61.5457
71.0345
60.1557
57.5953
55.7914
51.0152
52.1896
46.9019
47.7830
46.2308
41.7825
42.9573
37.7011
37.9132
36.9079
34.9218
32.6342
27.7559
26.1642
26.9466
22.1550
20.0379
21.0176
19.0144
14.0378
12.3853
9.9171
7.9152
6.8391
7.2037
0.5504
40.0417
73.4804
63.6144
60.3000
55.0235
52.9417
50.7272
49.3116
48.9134
44.8104
42.5023
42.1603
41.8326
40.6560
38.7792
36.9633
32.1456
29.3361
30.8326
26.2148
27.0449
21.9832
22.9937
18.1517
18.9123
16.6711
11.7866
13.2919
10.8451
10.0958
9.0240
3.3570
38.1790
79.2040
61.7223
57.1415
57.9622
53.0173
53.7615
52.3901
46.8597
44.9266
45.9778
45.3363
40.0665
41.3106
38.1152
34.5862
34.9277
32.6842
28.9456
29.3045
23.9564
24.9789
19.9152
21.1905
16.4453
14.2227
15.1769
12.8659
7.9539
8.9169
8.8606
1.0599
40.0780
75.5828
59.0115
57.0210
58.1909
55.8810
50.8471
94.6730
186.5130
253.6952
253.9070
215.3654
119.6738
38.2540
35.8223
34.7947
34.8813
30.0692
31.4084
26.0936
26.7911
25.0896
19.9621
18.0916
18.7223
13.5000
14.7282
10.0806
9.8151
9.2243
5.0337
3.0779
39.9756
80.0162
59.2161
59.8583
57.9226
47.5012
119.6408
253.9481
254.5964
253.6728
254.2296
255.1665
254.9335
199.8944
155.5827
198.9595
198.3031
152.8038
112.3266
42.4240
26.9533
22.2576
20.0879
18.8364
16.1430
14.0252
12.1756
12.9492
7.8074
9.0581
5.2222
1.1411
40.1283
75.8283
62.1665
59.6905
51.8099
93.1085
254.6597
254.5704
254.6938
253.7290
254.5577
255.0834
254.9325
254.7576
254.6696
254.8947
254.1261
251.3693
250.7986
250.1645
164.7459
35.6223
20.1379
19.1819
15.5369
13.5269
14.9222
13.2438
11.0849
9.2838
5.2149
3.5588
38.5112
76.3226
59.7250
56.5514
48.2926
188.0398
254.3453
253.7875
254.6590
253.9701
254.6205
254.8852
254.9697
254.5006
254.6859
254.4801
254.4266
251.2207
250.7801
250.2034
249.2804
232.9996
61.7481
18.4715
19.1909
14.2312
15.1724
9.8723
7.9647
5.8638
8.9047
2.8962
40.3816
77.9874
59.2632
59.8520
43.9128
254.0144
254.6290
254.2299
254.4032
254.2238
254.5048
255.0554
255.0438
254.8631
254.5213
254.7999
254.5207
251.3912
250.6550
250.1525
248.9130
247.0147
231.8468
62.4091
15.6723
13.7577
14.8431
9.8304
11.0778
9.2377
9.3106
1.3105
40.2391
80.2493
62.8358
56.7288
44.2555
254.0758
254.4771
253.5146
254.6574
253.6173
254.3960
254.8236
254.9778
254.6256
254.5421
254.9982
254.6117
251.5568
251.1596
249.8568
248.9895
246.4238
245.4441
229.5221
28.7734
14.1292
11.7333
12.9997
8.1902
9.0170
4.9817
1.4143
38.3278
80.3278
62.6209
59.6685
44.0082
213.0298
254.5990
253.8294
254.2129
253.4755
254.0936
241.3064
132.8578
91.8886
112.8300
242.4459
254.9473
237.6481
82.8167
65.0561
177.9823
246.4086
245.4827
243.6740
130.5457
17.1081
14.5090
11.0283
11.0948
7.9847
8.8790
0.9600
38.2827
80.3837
62.2586
56.6789
52.8792
121.5644
254.4313
254.3831
254.0290
253.5403
253.9783
84.4501
40.0424
38.7106
37.1058
72.1472
254.7727
211.1320
31.2425
29.0968
19.3899
204.4844
245.8270
243.6365
242.3403
26.3865
11.5727
13.5436
10.9048
9.2500
8.9028
3.4144
40.4660
79.9154
62.2413
59.6808
55.0811
42.2015
199.4623
254.1288
254.4818
253.3067
161.0544
44.2218
40.8864
38.4379
35.7905
32.3131
169.5060
251.6765
168.3804
40.4164
24.7681
90.9182
245.5660
244.0648
242.6163
97.9222
11.3991
13.3786
10.7325
9.4384
5.3291
3.8110
38.8478
76.0323
59.3683
59.7042
57.9475
45.9292
161.7845
254.2780
254.2786
253.4176
95.4333
36.5662
156.7036
241.0405
62.6019
31.3911
96.7353
251.8184
251.4154
194.0294
23.9360
31.0132
245.8621
244.1261
242.1296
141.3428
14.4423
10.3904
10.9415
9.4172
5.1125
1.5026
37.9364
79.7957
59.0882
59.8247
54.9790
42.4861
200.6180
254.3308
254.5789
253.2186
94.2997
32.2977
254.6510
254.7194
130.7478
37.4777
25.2078
238.8297
252.1696
249.8733
51.6984
18.5989
245.5902
243.7554
242.5146
182.6170
14.4849
9.9620
10.9683
9.2203
9.0917
2.4876
39.9862
79.8518
59.3774
59.6976
58.3700
45.4026
201.8290
254.1012
254.7476
253.2248
97.3484
35.1732
227.9611
254.9516
200.7115
34.5151
26.6427
180.7047
251.9176
249.9232
69.0779
16.9016
245.7313
243.5347
242.3739
183.6869
14.3918
13.2605
8.0571
6.3069
5.0508
1.7790
40.0887
79.9717
62.3438
59.7971
55.2292
47.4782
161.7667
254.2966
254.5116
253.0946
108.0640
39.4014
87.6556
255.1586
254.6550
51.7188
30.0493
81.4978
251.8516
221.7920
26.8458
18.6861
245.9014
244.0074
242.6872
140.3102
12.7194
10.2487
8.1445
9.3636
4.9213
2.5678
37.9630
76.4401
62.1182
56.9249
57.6978
50.6786
119.6168
254.2574
254.4677
253.2949
174.0713
43.3589
36.6733
101.0033
254.6339
116.4614
32.4299
28.9679
70.2792
54.0333
25.0111
90.3581
245.3184
242.8975
242.3971
183.7153
11.2498
13.2034
8.0032
6.2014
5.0839
2.6405
38.3187
79.9461
61.9452
56.5942
58.2347
51.6530
52.0069
254.6247
254.1721
253.4756
254.0209
82.1974
42.8596
31.0467
254.7909
213.6229
35.3438
30.6624
29.0391
28.8312
22.1567
190.1742
245.6409
242.3845
242.3779
239.2375
96.8788
10.4017
7.7299
6.2050
4.9732
1.9167
39.9290
75.9232
58.8720
60.0616
58.0868
53.6344
45.7997
146.6362
254.3027
253.8736
254.3723
242.0234
158.1079
184.9037
254.5166
255.1460
172.2183
47.4278
28.7817
38.9500
162.9767
246.0599
245.5021
242.9880
241.8809
238.8439
195.6422
10.6804
8.1343
6.3943
8.9754
4.2938
38.0902
79.4125
58.9013
56.9712
54.9849
55.8134
49.9140
51.0169
240.8206
253.4816
254.4174
254.9374
254.7018
254.5561
254.4387
254.8297
254.4168
251.6380
237.4065
250.0671
249.0845
246.7356
245.6358
243.8958
242.2106
238.8881
238.2144
13.3525
10.7959
7.5963
8.7903
2.5160
38.3498
75.7458
61.6199
59.9164
57.9318
52.9873
53.8304
50.4380
77.1873
239.9285
255.1600
254.7855
254.8314
254.5790
254.6482
254.6947
254.7416
251.7934
251.5862
250.1848
248.8421
246.8636
245.6804
243.8787
241.8377
239.0115
238.6998
13.5019
10.9181
6.6000
5.0416
4.3845
38.0933
79.3147
61.5745
60.0657
58.0760
55.9189
53.6481
49.2263
45.2533
77.9583
240.8101
254.5264
255.0390
254.1904
254.3917
254.4369
254.5743
251.4453
251.1861
250.0884
249.0006
246.8987
245.4789
244.3610
241.8181
239.5248
167.0606
10.5279
7.9222
6.8295
5.3762
3.3071
39.4575
75.2129
58.8084
60.1288
55.0701
53.0788
51.0410
49.4623
48.2986
46.8854
53.5067
171.3543
255.2845
254.1102
254.8259
254.0053
254.7008
252.0596
251.4461
250.1045
248.5169
246.7916
245.5317
244.0297
241.9205
239.0859
69.6356
10.6253
10.7930
9.2955
9.0060
1.9543
39.8573
75.6162
61.8774
57.4246
55.0935
52.6790
50.7752
49.3591
46.9787
44.9288
44.3880
41.0770
51.7766
114.4559
156.8452
196.0888
197.1708
152.5702
194.2407
249.7507
249.0456
246.4667
245.5866
243.6339
242.4668
98.4706
14.6682
10.3717
8.0490
6.2469
9.0654
1.3282
40.1076
75.4441
61.2100
57.0287
57.9463
52.9204
54.0283
51.9214
47.1064
47.7385
45.8493
41.9633
43.0431
41.0129
38.8533
33.9677
35.5188
30.3352
25.8131
105.6571
204.9643
246.0739
245.4144
171.6315
71.7495
13.8993
11.8660
13.1698
11.0086
9.0686
5.4292
0.9996
37.9743
77.2580
61.5065
60.2769
57.9566
52.9645
50.9534
52.3693
49.9027
47.8536
43.0919
45.3008
40.0582
37.7596
38.9655
36.8975
34.8561
29.8070
27.8710
29.2379
26.9465
22.0014
19.9747
21.0133
19.0406
16.8812
12.1394
10.0508
11.0861
8.8617
9.1219
2.8694
37.9914
76.5964
64.7713
59.8970
57.7359
53.1062
53.7516
52.1392
49.5682
48.0398
42.9509
42.3411
39.8273
40.0605
35.7614
36.6592
31.8897
30.1163
30.6750
26.9996
23.9283
22.3341
22.5857
18.2369
18.6955
14.1082
11.8049
9.8485
8.1940
6.5911
9.2346
3.4263
37.0781
60.8430
75.1848
63.8448
57.9375
52.9380
54.0585
52.1806
50.2435
44.9173
45.1003
41.9336
39.8798
41.0864
38.8354
36.9920
35.1058
29.6958
30.8746
28.8231
24.2757
21.9106
23.1000
21.0071
19.0928
14.0841
15.0051
13.1718
12.1480
9.0518
3.9294
3.2683
25.0450
41.1558
60.1752
71.8570
71.8088
65.9240
66.9879
61.1544
61.6904
55.8810
57.0249
52.0573
50.1892
46.8140
45.1123
41.9272
44.2666
37.0339
35.1529
35.0954
29.7677
31.0935
28.8878
22.0125
20.1663
17.1147
15.0873
11.9630
13.9400
6.9032
2.7527
0.9822
0.2049
25.7829
37.3618
34.7492
32.9639
33.9576
33.0958
29.8786
29.7494
26.6368
27.5595
27.0215
24.0092
24.8959
21.5990
21.3360
