 -0.30050891
 25.16591868
 35.90030719
 36.06628507
 33.95962158
 32.13950434
 33.15309079
 31.00174930
 29.96091805
 29.03543549
 27.90023658
 25.01975894
 26.12334509
 22.92536665
 21.96824104
 21.90755012
 19.11605437
 19.89507282
 18.98967943
 18.10694704
 14.20307326
 14.99264762
 13.97835296
 13.06109969
 10.07241844
  7.88745228
  8.89946020
  8.03681923
  4.96843146
  4.74123301
  1.96521625
  0.01530597
 25.24738162
 38.95775332
 62.93962964
 69.01683845
 72.99198893
 69.63263779
 68.04397736
 64.92702707
 58.85547718
 60.00277107
 57.93251509
 54.53470562
 53.82474666
 48.10878157
 44.99660006
 42.95519819
 39.79095032
 37.76816977
 38.93024138
 35.79540680
 33.89692293
 28.18907529
 28.87091947
 26.06007418
 24.16126802
 21.17844077
 19.07755232
 15.89899643
  9.91572818
  5.99092629
  3.89133272
  1.04435357
 39.20892567
 61.59695658
 71.07828143
 60.13930345
 57.57146015
 55.74882103
 50.95833362
 52.05248953
 46.88525292
 47.74406918
 46.17849616
 41.79072743
 42.93715088
 37.70101136
 37.91469022
 36.99439578
 34.90476700
 32.58006555
 27.68603671
 26.17758567
 26.91348211
 22.14774068
 20.00998925
 21.12221631
 18.98413028
 14.01278526
 12.37903469
  9.93508703
  7.95358304
  6.88293454
  7.23291601
  0.62063589
 39.99278286
 73.41516161
 63.55595182
 60.32880118
 55.04280414
 52.98660360
 50.74986840
 49.46801261
 48.87573781
 44.78130530
 42.47600969
 42.16790352
 41.86614961
 40.70287235
 38.88054349
 37.07754730
 32.12947224
 29.30407346
 30.81131630
 26.23693007
 27.04705892
 21.99460310
 22.93553945
 18.19521204
 19.03700596
 16.78558598
 11.84203071
 13.22796348
 10.70822623
  9.92586731
  8.86542422
  3.02761103
 38.13343724
 79.20836587
 61.76978706
 57.16083413
 58.06276595
 53.10692330
 53.86145654
 52.43408220
 46.92293853
 44.97729409
 46.00827004
 45.31838597
 39.99303738
 41.22008411
 37.95630928
 34.39950169
 34.92590870
 32.71290182
 28.98989794
 29.30159850
 23.99378331
 25.00126133
 19.95304623
 21.14814043
 16.36453615
 14.14353791
 15.12178298
 12.90017473
  8.02843325
  9.01918876
  8.99323462
  1.29869672
 40.09470677
 75.59575908
 58.99773128
 57.00421669
 58.15204825
 55.84552728
 50.85230420
 94.64840884
186.56920196
253.81188371
254.02585884
215.32867947
119.68359741
 38.21480482
 35.82150463
 34.54311013
 34.88656089
 30.10555476
 31.45064611
 26.08119064
 26.81795291
 25.10137261
 20.01989862
 18.04150011
 18.76704221
 13.53005770
 14.72154906
 10.05167177
  9.74640657
  9.15262262
  4.99820551
  2.99332189
 39.84552405
 79.89958226
 59.14432498
 59.91898086
 58.04631522
 47.66551009
119.81888091
254.29561673
254.59505286
253.79914534
254.38927919
255.13554180
255.05442405
199.96118805
155.78811074
198.79204405
198.36180380
152.90582061
112.43161252
 42.38986359
 26.95215464
 22.21248224
 20.06295474
 18.60058937
 16.18335260
 14.05429540
 12.18577029
 12.93363336
  7.75556194
  8.99828091
  5.14116068
  1.03796376
 40.07597140
 75.86448621
 62.25158086
 59.69990484
 51.94510206
 93.22313253
254.83996981
254.58740776
254.69138826
253.74770599
254.57088233
255.08614790
254.92629769
254.74912496
254.63839762
254.84752652
254.28277415
251.58781844
250.99542011
250.08815886
164.67060153
 35.45982350
 19.96234596
 18.62196729
 15.59801472
 13.59679137
 14.98208500
 13.21971139
 11.04207947
  9.21379342
  5.11216772
  3.35657848
 38.46101726
 76.29387611
 59.71004350
 56.57360639
 48.33820043
188.10003253
254.40358811
253.88638450
254.59276963
253.99783395
254.71081625
254.91242602
255.11944816
254.62884868
254.82019746
254.49728143
254.46884533
251.31400167
250.85709645
250.16630570
249.27218016
232.95971492
 61.77920680
 18.28778615
 19.15511838
 14.19118575
 15.15591665
  9.90042375
  8.00141658
  5.91010087
  8.90013130
  2.98316925
 40.25425507
 77.88620349
 59.18260392
 59.89377987
 44.01983060
254.16754957
254.87183045
254.57687237
254.31437115
254.15139685
254.42942620
255.07938756
255.09784028
254.95455707
254.70202731
255.05385050
254.48913218
251.39255747
250.66065863
250.15923844
248.94968048
247.05403302
231.91908357
 62.44896838
 15.72992173
 13.80296430
 14.85687996
  9.80201223
 11.00465133
  9.15333753
  9.22634604
  1.16954419
 40.15345118
 80.15124880
 62.74077187
 56.77055583
 44.28603399
254.15273131
254.54367396
253.76853768
254.59284922
253.66925251
254.51464762
254.84098437
255.14968108
254.76600023
254.73192281
254.98935772
254.54734717
251.52400791
251.14044736
249.87984484
249.05086576
246.50056604
245.55157719
229.65484699
 28.85641176
 14.27371424
 11.86251482
 12.93733666
  8.17726584
  8.95020257
  5.01577048
  1.11487370
 38.18196496
 80.24215183
 62.61000403
 59.73590603
 44.19546129
213.24115284
254.81502004
254.13237023
254.25191625
253.53315326
254.14220936
241.29194728
132.82724076
 91.83666011
112.74533367
242.28384165
254.92052332
237.67884909
 82.86956327
 65.06049096
178.04876982
246.46254165
245.56507943
243.65374512
130.54907134
 17.13028147
 14.54501606
 11.02561117
 11.12003225
  7.99679266
  8.89463277
  0.91847452
 38.17946195
 80.28556614
 62.19357565
 56.73376760
 52.96308570
121.68518432
254.52324278
254.64980420
254.14892468
253.68616277
254.10483118
 84.39694289
 39.96511010
 38.57457393
 36.93157021
 71.74175026
254.75126346
211.16707121
 31.29958014
 29.09806331
 19.45348270
204.53368807
245.90536350
243.60355567
242.39976781
 26.42284078
 11.55495747
 13.49831827
 10.81030648
  9.15374416
  8.88969568
  3.32195825
 40.41994818
 79.90707253
 62.26960949
 59.70596084
 55.16027857
 42.27817827
199.51716765
254.18061152
254.59715707
253.50994512
161.24801220
 44.14268846
 40.87597721
 38.34633551
 35.79939490
 31.87185472
169.49337556
251.73264031
168.44726991
 40.39684716
 24.83393505
 90.96365938
245.72665727
244.02355587
242.67401829
 98.02240404
 11.50452898
 13.34485562
 10.73512646
  9.39749608
  5.31002571
  3.58090117
 38.74967847
 75.86556511
 59.17740096
 59.75118563
 57.92899216
 45.98871984
161.85544636
254.67896790
254.27096895
253.43831516
 95.45710744
 36.56264924
156.72546388
241.05534918
 62.64556739
 31.36945338
 96.71604502
251.82644030
251.43646979
194.04056573
 23.96733353
 31.04036887
245.87068562
244.12071458
242.20452380
141.42315643
 14.49644239
 10.35055024
 10.87753408
  9.32503528
  5.03586026
  1.28668385
 37.90525587
 79.76389513
 59.06337719
 59.84543124
 54.99340855
 42.51474600
200.61450997
254.40388178
254.55532078
253.22745385
 94.32432993
 32.30633991
254.69464511
254.75796232
130.79403520
 37.48460576
 25.13421023
238.82450872
252.21399957
249.90336036
 51.82815712
 18.72278501
245.73421627
243.84914925
242.55641530
182.67363040
 14.53694354
  9.94128696
 10.94922250
  9.17749745
  9.04961587
  2.34191475
 39.94839630
 79.82003910
 59.34647716
 59.71116328
 58.39147087
 45.44097836
201.88736851
254.20383578
254.73128700
253.29201516
 97.45599145
 35.17177862
228.06046042
255.01724467
200.81026595
 34.42206319
 26.58233405
180.62817086
251.83604603
249.95426284
 69.08728838
 16.94681449
245.76693363
243.72756320
242.43293490
183.76413939
 14.46529118
 13.23517919
  8.02936730
  6.24607706
  4.97029892
  1.57008558
 40.02959495
 79.90852774
 62.28049677
 59.81894177
 55.25697555
 47.53583882
161.85732102
254.48264791
254.50542141
253.16310197
108.16199143
 39.39506255
 87.73108837
255.20324259
254.72898867
 51.61106148
 30.01685176
 81.53106280
251.90433002
221.78661719
 26.92860781
 18.75574755
246.06410779
244.02111226
242.73724711
140.36030542
 12.74606088
 10.21890949
  8.09494453
  9.29801749
  4.88264002
  2.43640066
 37.83256923
 76.30761724
 62.01855880
 56.98471911
 57.80006520
 50.83095351
119.78920137
254.63567022
254.45350742
253.32934033
174.12763608
 43.35712574
 36.73207691
101.04483301
254.70896541
116.42508605
 32.32025226
 28.84784982
 70.17820621
 54.08447868
 25.07953211
 90.47628985
245.44545957
243.22704865
242.43114698
183.76049487
 11.28790171
 13.18428483
  7.98502877
  6.16506220
  5.06016883
  2.52865375
 38.27312892
 79.92704152
 61.95592133
 56.61820580
 58.30131950
 51.72217967
 52.06173332
254.69820605
254.24664851
253.61547696
254.16458442
 82.15331000
 42.85944937
 30.98896277
254.75510783
213.30147744
 35.28733603
 30.57781922
 28.94180611
 28.86017421
 22.14629449
190.20741141
245.65924595
242.58313591
242.47825640
239.38066829
 96.99806613
 10.33808674
  7.68246726
  6.10348960
  4.93845354
  1.58383028
 39.86561481
 75.91318054
 58.90365560
 60.08242281
 58.20033945
 53.74494718
 45.95592802
146.73926166
254.29852229
253.90057178
254.39159867
242.01628270
158.11412532
184.90530506
254.55014561
255.11061879
172.13145227
 47.35887183
 28.72935583
 38.98134358
163.04871636
246.16312277
245.65080608
243.21589665
241.99841415
239.03483588
195.82419767
 10.60559954
  8.11342795
  6.29527965
  8.95188489
  3.86123793
 38.07051563
 79.39623602
 58.88671693
 56.97938380
 54.99790538
 55.83401510
 49.94162600
 51.06857112
240.77201573
253.49970385
254.45425375
254.94269429
254.78597852
254.63501652
254.59344172
254.87520407
254.44103059
251.71550028
237.48625259
250.05217587
249.09470082
246.71762011
245.61546530
243.72588831
242.30021036
239.06926969
238.42477889
 13.30193006
 10.83603688
  7.55159062
  8.76563069
  2.10587518
 38.30715024
 75.72499364
 61.61740587
 59.93150871
 57.98879943
 53.05021350
 53.92030876
 50.53062594
 77.15342192
239.92710123
255.15699104
254.79497743
254.85787222
254.61294463
254.70336666
254.73627679
254.69527293
251.83979235
251.66481333
250.18455179
248.95817304
246.95950490
245.87270026
243.88071771
241.90699394
239.11318919
238.80492143
 13.46826767
 10.90242125
  6.53779401
  4.97167970
  4.12428593
 38.16249278
 79.40754369
 61.64988192
 60.03039848
 58.03117216
 55.84108577
 53.57056020
 48.98811849
 45.16195712
 77.95135946
240.84989677
254.55230443
255.18767356
254.33871626
254.61490317
254.57314539
254.62329136
251.60526439
251.34522872
250.03346318
249.04405840
246.88383620
245.59509892
244.07676654
241.96564567
239.67323616
167.15624541
 10.45448051
  7.78512378
  6.64076338
  5.18925727
  2.88615693
 39.49073227
 75.25465178
 58.83787763
 60.11280521
 55.04074224
 53.03603481
 50.99289504
 49.34986284
 48.19855104
 46.76460970
 53.39113655
171.40946970
255.31731467
254.19813151
254.87778605
254.30560407
254.58927886
252.04848738
251.49315827
250.13287807
248.70348669
246.97608252
245.83096400
244.21059998
241.98915599
239.26769914
 69.85783404
 10.57914064
 10.87301892
  9.28989207
  9.05151547
  1.58040070
 39.89403614
 75.68459089
 61.93957899
 57.39932466
 55.08705629
 52.64741516
 50.77401821
 49.21150312
 46.88740324
 44.80387985
 44.27395945
 41.13039520
 51.80659675
114.53762861
156.88243981
196.38405449
197.12458984
152.59431053
194.30975162
249.77323953
249.14905481
246.55438240
245.65692936
243.62738029
242.51242439
 98.53952402
 14.73204249
 10.34266987
  8.03684149
  6.20653601
  9.05605221
  1.17015920
 40.11001656
 75.42066725
 61.16426321
 57.03026880
 57.90160165
 52.89144401
 53.98720103
 51.95411525
 47.10890455
 47.74737343
 45.83874687
 41.94694978
 43.03186357
 41.00508694
 38.92126459
 33.98179983
 35.39638321
 30.26477436
 25.79201342
105.70673700
205.11138139
246.24571921
245.62647122
171.89967858
 71.68267636
 13.81443882
 11.79676001
 13.20453816
 11.05063793
  9.14146498
  5.49681774
  1.21784227
 37.94772919
 77.25093160
 61.51494586
 60.28810068
 57.99809300
 53.00630228
 51.00183149
 52.41186097
 49.90485727
 47.90067101
 43.14604264
 45.28363452
 40.09907654
 37.78179386
 39.06375137
 36.84435342
 34.89066529
 29.86675986
 27.91421577
 29.20572330
 26.93254181
 21.96884015
 20.01534620
 20.90256336
 19.04523478
 16.85734459
 12.09211154
 10.04816777
 11.04151491
  8.83261259
  9.09792380
  2.90862650
 37.96627331
 76.58139955
 64.75628869
 59.90094834
 57.75787485
 53.13626624
 53.82236593
 52.20863518
 49.52063073
 48.00697971
 42.94619988
 42.36689837
 39.88943209
 40.12968577
 35.81727505
 36.76095611
 31.95181120
 30.20068948
 30.73501947
 26.95763666
 23.88719408
 22.26555626
 22.57120768
 18.04550353
 18.78776025
 14.17119689
 11.81735557
  9.80819442
  8.06859008
  6.45112865
  9.07062459
  3.20718919
 37.09507831
 60.82758204
 75.14432926
 63.84455376
 57.87458214
 52.88744242
 53.96771857
 52.17117716
 50.25010488
 44.97016771
 45.17087326
 41.92287742
 39.92535238
 41.10716681
 38.88745237
 36.90442875
 35.13060969
 29.75439832
 30.92832195
 28.79714477
 24.28399153
 21.89770315
 23.15209494
 20.90500344
 19.09946071
 14.13216602
 15.08221500
 13.17058369
 12.19910635
  9.07561428
  3.93875149
  3.17027603
 25.05107938
 41.22382127
 60.25560036
 71.83602523
 71.86325030
 65.95076943
 67.09687628
 61.06255450
 61.69411712
 55.86069164
 56.99122386
 52.06284856
 50.15208280
 46.78827469
 45.05026730
 41.94238901
 44.22403903
 36.99897445
 35.13773786
 35.11688528
 29.81569238
 31.15147011
 28.94376195
 22.11806470
 20.12429066
 17.05726037
 15.03456134
 11.98384256
 13.95926255
  6.94498822
  2.79740945
  1.12975608
  0.24879032
 25.80745795
 37.36342226
 34.73670470
 32.89673420
 33.88553935
 32.97733500
 29.76856332
 29.74449781
 26.64670355
 27.57648588
 27.02115250
 24.02888519
 24.91043853
 21.62521196
 21.32819146
 19.95653790
 18.03547107
 17.07210258
 17.83466747
 15.89682601
 12.82155996
 11.86592778
 11.74552699
 10.08573674
  7.80052098
  7.34765352
  7.03778220
  5.02658750
  3.77950704
  2.02709731
 -0.14802484
  0.08231746
 94.77046290
142.79772616
147.85337287
145.14931840
143.47620484
144.87092592
143.97714807
142.61377328
140.95102893
140.68754392
137.86375717
138.87286049
135.78969209
134.91630449
135.70330226
132.93938536
133.42764200
132.63578021
131.91584209
130.00540216
129.90821562
128.62691868
127.92532737
124.29331600
123.80011595
124.54496023
124.24509594
121.94929639
118.37829626
 74.84547133
  0.17196215
 93.68487787
152.47074244
188.52770811
203.03456341
206.86291682
205.74275396
203.51871857
202.83340841
199.63392671
200.26096889
199.46465459
198.43035184
196.73597451
193.93725080
191.81690363
190.93242011
190.20381571
187.20701808
189.66330866
187.76706622
187.78715832
183.67693380
184.74271222
183.95776171
181.78431413
179.95525597
179.36083001
179.26349539
171.55509206
151.05557868
122.84613799
 74.10271313
144.85309028
186.95691043
203.50575019
192.88333845
190.84852437
189.01231520
183.65571068
186.35097155
180.64717619
182.11105408
180.43420614
176.18884317
178.09996488
172.66866493
172.82644228
172.92416129
170.67282933
168.46784551
164.60555545
163.20525331
164.76387397
160.06378845
158.12380753
159.84410502
157.93080182
151.99674225
151.75418415
150.07447302
154.05474934
169.76019219
150.00293277
113.99851369
149.79158751
205.02779169
194.72534574
191.99157295
187.78883758
185.89433480
183.59896665
183.00008862
181.92885524
179.11661682
177.60137527
175.98895270
176.88983455
175.93755140
173.68644848
172.78545751
167.76099396
165.37434885
167.71910230
163.06021739
164.97026990
159.88366510
160.64818465
156.89051271
157.61323996
155.35364164
151.72641719
152.86929158
151.89342026
156.72766348
171.07629150
119.83887874
148.79950040
209.65908827
193.70982682
189.01680790
190.96958207
185.57118776
186.65960629
185.73601626
180.95093102
179.40358974
180.55115687
179.41885139
175.07504777
175.66896144
172.63227018
169.93022276
170.70395142
168.23943059
165.54749930
165.81571500
161.99308335
162.97968527
157.91036858
160.17775106
154.89453571
151.99019989
154.52126326
152.95839879
148.85187254
151.05253333
173.80972397
118.14494336
150.75180254
208.08772458
190.77450655
188.99388734
191.16073954
188.67461185
179.86870042
187.69469591
224.73542546
253.46400235
254.27548172
238.95870097
204.69797329
172.85239347
170.75588445
170.26318110
170.73960114
164.79579785
167.53300303
162.93137475
165.17114111
162.46675571
157.85613369
156.80339611
157.68569138
151.94781928
154.55587975
150.18007235
151.12252696
149.84263135
171.81944864
120.27290309
150.88053912
210.27321818
190.66461553
191.56538268
191.07267046
176.09229619
194.66372021
254.80879865
254.49326722
253.66429953
254.41934923
255.11642252
255.03982178
230.69240649
210.85519263
229.87691794
230.39472229
209.79695589
197.51692778
171.19503394
164.87239969
160.04615853
157.90200934
157.20861008
154.97801635
152.35472433
151.62636234
153.00057711
148.90462476
149.90263660
171.78222669
117.83495827
150.70566826
208.12768747
193.33606818
192.03611131
180.95856486
182.79531695
254.91854348
254.82085680
254.21489791
253.67762367
254.03165828
255.05009133
255.07037266
255.32369771
254.69828923
255.66843101
254.62244031
251.56042814
251.39492988
249.81388358
216.17445892
164.75786142
158.03615280
156.83149024
154.80963893
152.24669576
154.89282038
153.16608884
152.04367822
149.68189901
171.95427216
120.01716175
148.81385847
207.93935511
190.67126503
189.00924986
171.88610584
225.41058229
254.82341713
254.83921804
254.83270158
253.43620861
254.55157621
254.93417411
254.72967357
254.72860393
254.55232569
254.85299507
254.84262518
251.65417586
251.08180764
250.12438785
248.82575263
240.75526225
173.47067702
156.89576960
158.19821662
152.20789374
154.87344759
150.13004961
148.88065668
146.86804812
173.72018170
119.93230450
150.83183354
207.55181729
190.70258153
192.14047201
163.04006691
254.51098901
254.57189957
254.70316444
254.91679606
253.97746540
254.42408781
255.06647087
254.99696470
254.52921244
254.84472140
254.94615982
254.76668939
251.75910620
251.59156989
250.30599557
249.19492961
246.59362107
239.47319190
175.11466341
154.85965522
152.25239634
154.98791062
149.97426569
152.14080623
149.79537285
173.44394243
117.78123474
151.06947921
209.43793090
193.80536498
188.84720108
163.42500382
254.22836141
254.83206214
254.75043594
254.57417581
253.93430159
254.32346212
255.42287838
254.84042770
254.81717636
254.79198141
255.02502620
254.62330054
251.51937164
251.13054612
250.03703858
249.10156990
246.66074067
245.81436269
238.89342339
160.06346153
152.01334031
151.84609128
152.99267196
149.03247866
149.67103324
171.55789769
117.86345702
148.81623246
209.86075792
193.94602110
191.92936189
165.87671021
236.56835884
254.53215418
254.91193937
254.75589574
253.73841350
254.35166288
249.97987761
207.01092584
189.07979895
189.73730429
248.10464778
254.97730775
246.09445474
183.97813118
167.93270811
216.01771212
246.74070933
245.52945786
243.86229639
199.68761585
154.87141876
154.03284503
151.09003977
151.88902320
148.85687910
173.59987470
118.21032176
148.81329927
209.78508561
193.82248369
188.74389974
180.91678139
196.47934007
254.83054715
254.69859960
254.83984218
253.53733381
254.35008156
192.23528481
174.80361662
173.08712689
169.98042354
170.38906617
254.61340757
235.94029007
167.52459966
166.12118234
145.07584277
227.37118892
245.90837548
243.81350015
242.62077807
157.04304642
151.47785872
153.20232756
151.84334153
150.22215644
173.77050404
120.06247727
150.29910231
209.93131619
193.53748484
191.92684234
187.81961408
165.80735744
230.87315139
255.12875243
254.52504827
253.59891128
220.30084978
178.25135703
176.63678713
173.19939163
170.79778167
159.34936380
214.41761547
251.68965051
219.51102976
167.89304510
158.04439388
175.15348486
245.74216195
244.01341145
242.24740172
184.95790521
152.15912989
153.33857568
151.77580651
150.31774985
171.90710368
120.24293387
149.82313900
208.36440253
190.94243935
192.06777770
191.11780212
170.70908133
214.00541803
254.69655887
254.56984879
253.71233030
196.55833748
163.31683821
210.04472217
248.71885669
181.84744189
162.89978281
179.57115182
251.82728076
251.54997520
227.85098960
161.12055925
146.75409268
245.66256527
243.89314667
242.68128954
201.74995218
154.73523965
150.29925334
151.74108615
150.01626270
171.83962546
118.30565143
148.49319467
210.15720852
190.83404775
191.83549074
188.45302956
165.37853858
230.95118907
254.46109259
254.42451486
253.73049483
196.66483595
151.97994293
255.10320986
254.63538384
207.76533763
173.09832623
148.24893995
245.26091948
251.65126122
250.13394524
173.05095815
141.52883646
245.55922962
244.34158892
242.66349589
217.40878840
154.54554845
150.28592574
151.88604606
149.79589208
173.83300767
119.92819317
150.53708116
209.94888088
190.74793380
191.87276610
190.00274626
168.60127452
231.40438660
254.65333341
254.45179209
253.44884137
198.33451518
157.45304136
242.85371364
255.05181960
235.09406106
170.73594048
153.48270355
217.33193301
251.67124063
250.49638590
180.96815755
139.54483694
246.12431157
243.73976919
242.49584754
219.30772880
154.72402824
153.04836018
149.20780243
146.96894869
171.78834009
118.16601354
150.83989517
209.87560120
193.71412704
192.01099475
188.22795644
173.72374022
213.79992994
254.89772186
254.68500963
253.53765173
201.44847428
170.00821986
178.69768518
254.46694129
254.65170331
178.16706704
162.60494107
171.90680348
251.36262680
238.98614712
165.06916231
141.68851376
245.70574358
243.72047362
242.98135425
200.52073152
152.35328451
149.98655882
149.21487089
149.87049257
171.72315029
120.16359422
148.85389384
207.96513705
193.96062664
189.02405543
191.07105573
178.46976566
194.83730418
254.76945703
254.75902686
253.45401040
225.19360891
177.12069116
168.04248902
183.87065952
254.80040822
202.54662547
167.82508315
161.06454505
178.66574492
173.62932970
158.22072658
174.77502819
245.66406974
243.48257995
242.22785897
219.32739721
151.42028699
152.89231069
148.73508715
147.40661405
171.66537881
119.38320716
148.75403197
209.54036066
193.67349962
189.25914877
191.08038684
183.56330406
163.64661549
255.00329289
254.74196481
253.53709955
254.22607489
191.07875025
177.93695547
151.74529059
254.92101145
239.29319481
170.77621910
164.86639238
164.83116980
166.09826934
148.89018019
220.86221389
245.62952776
243.84112611
242.28531151
239.17894282
186.05532671
149.92898310
149.29476423
147.14906709
171.86764153
118.47868709
150.73288184
208.27158273
190.66714041
192.14335449
190.80259925
186.04889503
171.96071117
206.98067985
254.45033371
254.01515282
254.62884005
250.12689565
212.92186544
221.96561755
254.52417692
255.23471058
222.83580337
173.43351650
163.91638454
158.95302075
208.99190820
246.62926632
245.62163189
243.53898962
242.49019823
239.66418308
222.52276184
150.19939284
148.96963909
147.11469286
173.91262247
120.53692460
148.64714331
209.88221941
190.39251530
189.05042364
187.74692661
188.95279146
181.90530063
165.30323624
248.93648302
253.55317403
254.68447835
254.95754240
254.71911324
254.57834273
254.27723589
254.87228682
254.44826180
251.95475601
244.34212902
249.98455489
248.83657863
246.64701496
245.82676272
243.89438625
242.73966867
239.55121910
239.24771091
153.13862134
151.77992213
149.06968218
173.89648900
118.60549200
149.02437460
208.01518773
193.99716423
192.03729556
190.85054191
185.62110720
186.59149770
180.43542602
175.76628333
248.14844685
254.79652932
254.78292150
254.96356523
254.81480786
254.54159042
254.92392258
254.53105903
250.97558505
251.18315892
250.22569395
248.75810609
246.68175375
245.49489339
244.10842092
242.50811321
238.89183795
238.76239340
153.29924010
151.83728705
147.18386471
171.64187642
120.87552965
149.04972762
209.49595634
193.49856399
192.02488228
190.93156312
188.76370016
186.64912700
183.38697990
175.95374404
176.48354427
248.75665403
254.91983780
255.16641100
254.29664714
254.54389998
254.55705563
254.58751963
251.34754775
251.46823219
249.99117475
249.10073212
246.64237980
245.67820631
243.96697728
242.69775658
239.81774534
211.26477005
150.03195458
149.17073307
146.49781935
171.56170490
119.15996162
151.03467034
208.01657271
190.47921805
192.28961565
187.91345143
185.91492895
183.35710923
183.39502342
180.76102673
180.44717296
170.70283035
216.86816146
254.95124585
254.46643892
254.57974086
254.57069052
254.47565729
251.48342116
251.46196723
250.00976072
248.80434569
246.73971998
245.75339539
244.03407133
242.34941550
239.26901164
175.19130747
150.17152337
151.96320021
150.02323325
173.81070997
118.59282079
150.71656506
207.93617418
193.19715514
188.75543500
187.93035848
185.78054026
183.63773572
182.86803830
180.93144816
179.25023025
177.71618899
174.86342312
174.00325255
195.69361551
210.53671661
228.47919939
229.56478082
207.80648380
225.33279421
250.05985038
249.03666562
246.79477245
245.86949940
243.97402028
242.33095510
185.25723462
154.55056065
150.10478714
149.02863286
146.97794525
173.62458580
118.12114065
151.12061766
208.14362049
191.68021906
188.72701406
190.95141166
185.29695570
186.65489720
185.63544413
180.61182431
182.11917462
180.56815493
175.92043277
178.19231396
175.49520388
174.05271284
169.58480785
170.49977784
165.09268405
156.67247806
185.13677136
228.98328090
246.82908003
245.65190640
215.73369112
176.96711016
152.29208065
151.33002218
153.01997684
151.72630289
149.78386908
171.51182311
118.05531484
148.91055186
207.97458930
193.79506833
191.94924414
191.16292450
185.33190487
183.67115567
185.61146246
183.72727952
181.58233162
177.78585635
179.05539305
174.74285646
172.85411760
173.64751413
172.86407731
170.61508380
165.29827857
164.54219745
166.14885870
165.00488797
159.80039085
158.15206311
160.06262437
157.85943257
155.15963509
151.66588868
149.72013133
152.04579266
150.78343477
173.92624859
119.98687694
148.76664803
206.10191828
196.57587636
191.90516412
191.17554887
185.91675277
185.95480681
186.10940832
183.74172164
181.74912858
177.74139829
176.34210922
174.71037259
174.98168377
170.75136401
173.35872892
167.73419812
164.95637589
167.66951310
163.85711463
161.70913031
160.05412716
160.70593938
157.15302941
157.71291815
151.73794205
151.33173857
149.95758772
148.94803379
153.65846407
169.66962057
120.08031907
143.49269365
186.56773774
206.53347938
195.95227749
190.81823591
186.23850278
187.11353023
186.15818608
183.59551183
178.71021579
179.52896249
176.03264627
174.73159096
175.96969075
173.77293626
173.42317218
170.91674089
165.24594095
167.87993577
166.37315017
161.82094962
159.80276517
161.18071738
160.20779661
157.64135281
152.17980359
154.63635936
154.10808818
158.88571055
172.81345426
146.68621755
115.98372729
 93.75702409
153.90511187
185.11701888
203.99464834
206.92923887
202.79311609
203.81504102
200.49989242
201.25140259
198.19797292
198.38321916
196.32467065
195.21558869
192.85506600
191.79272916
191.28591564
192.31056687
186.91855752
186.67267793
186.85115674
184.77830151
185.85045530
183.75724085
180.90887925
179.84513378
176.85610906
176.34658570
176.05072258
172.82337394
150.22598013
120.88786897
 74.38787512
  0.23966153
 94.49231068
145.04407384
145.93624495
144.94811984
145.65194214
144.78201220
142.06908206
142.52285923
138.98527456
140.46734715
139.78419190
137.14209368
138.12514798
134.95157916
133.74964943
134.13469380
131.15311326
130.79138463
131.87485651
130.92403382
127.59837822
126.93950188
127.71438685
124.83282968
122.87531993
122.18240822
124.13376719
121.82761553
117.16121798
 74.93979625
  0.36201388
  0.17791233
129.86291400
201.01331057
209.04429732
206.94707634
205.69049652
206.89090744
207.05019520
206.92636080
205.96620203
205.51726350
203.74629618
205.98860164
202.75075606
202.90089259
203.75052350
202.67313005
202.93936264
202.47308275
202.99312584
200.76743792
202.79776727
201.62616374
200.88868899
199.57893213
197.82073680
200.45758425
200.30927697
197.78745636
192.07118379
121.90090788
  0.50722448
128.73130103
209.46404443
236.68445129
244.49080234
249.50239427
247.28378553
247.40233542
247.67082141
244.36836155
245.75524352
245.50217659
246.16510686
244.92951926
242.19424944
241.80025514
242.14607816
241.58349957
239.90912471
241.41528388
242.12373789
241.91899853
239.06758307
240.57282687
240.15850054
239.62291298
237.44322856
238.19100656
239.14425052
232.76778763
221.91848452
201.60809970
122.18685336
201.46429418
234.02861023
246.42291243
244.97949182
246.97654694
245.78229464
241.53296383
244.95040531
240.91048557
242.56317790
242.70722721
240.09028352
242.17140441
237.45554495
239.66159195
240.46448241
239.66949981
237.82178282
234.72783382
235.06170882
236.91847667
233.88071236
232.62488606
234.99531484
234.26347820
229.67367118
230.03713952
230.33920175
229.81366982
235.01339667
219.71486469
190.43291254
208.77907926
243.93792307
245.53690983
246.87120040
243.85086499
243.15889922
241.61490641
242.01001970
241.39865983
239.65633209
239.22725991
240.19226802
241.05867985
240.95990799
240.42294560
240.09914200
236.73186971
234.75852729
237.26276345
235.12466613
237.11824494
234.08297522
236.06688241
232.40185613
234.71931162
232.94552057
230.36358557
233.33620049
232.15835202
232.91628630
234.43721123
198.83342318
207.35544872
249.48890587
247.70621606
243.92745037
246.91269158
243.01866209
244.89156206
244.70743038
240.27646621
239.31291560
242.12641938
243.05550936
238.91920643
240.87409909
239.77812898
236.91764089
239.75087678
237.73917303
235.55052047
237.95515432
233.82525464
236.58526261
232.75836010
234.94401898
231.69970772
229.81746858
233.39697881
232.99542768
229.08525739
232.00879079
236.83988128
197.24686673
209.82729982
246.86141711
244.38599032
244.30476933
247.16430179
245.54543758
238.44714920
234.12938341
243.65476664
253.25587933
254.16323227
251.06071329
245.18949832
237.33911236
237.39345309
237.10723221
239.64782955
234.96973202
237.64462822
234.83854214
237.14349002
236.67784071
232.39343861
231.68495346
234.73032404
229.55553995
233.49447938
230.03406413
230.72063738
231.76452293
234.86566004
199.27391470
209.76964670
248.79320691
244.43758155
247.14910733
246.98493924
233.79461388
231.64522588
255.06032374
254.66808702
254.04076377
254.45433826
254.70011201
254.98715153
246.81894859
240.57886175
247.00860954
248.05150606
241.05499040
241.75064790
238.65254089
236.72960220
233.59908533
232.79485544
231.70872325
231.33830601
229.95006380
230.54764675
232.88098696
229.05116646
232.16473659
235.07769797
197.19061365
209.53982658
246.57301938
247.30105739
247.17662304
237.69656777
228.63495232
254.81293301
255.24104321
254.74008197
253.38838220
254.41243863
255.05059875
255.03636189
254.93000007
254.73440791
254.93733598
254.20429901
251.96096276
251.06579655
250.31700054
243.80364069
234.85906877
232.76806065
232.16490756
231.67035144
230.02963217
233.05622279
233.08409553
231.91317607
231.91914726
234.40723532
198.83411131
207.54881215
246.74205350
244.25005988
244.01525107
230.01295505
243.66199732
254.95145579
254.85404177
254.41444565
254.08182744
254.90421959
254.74339216
254.95793463
254.67999187
254.48382501
254.67512641
254.47544585
251.92275026
251.40713563
250.11928056
248.78077678
245.85374782
234.69120594
231.98569082
234.55231934
229.25742185
233.46719030
230.26392500
228.78060622
228.86973220
236.57552085
198.99315966
209.62042662
247.13947734
244.65911062
246.94978332
222.83655726
254.70591773
254.67154152
254.88608196
254.88930870
254.20618395
254.48420924
254.84987292
254.95421973
254.69531799
254.90206205
255.05472444
254.44545817
252.18852276
251.12910297
249.91950280
249.00318884
247.03320327
244.73143062
236.98776376
231.64546838
229.51289156
233.47354503
230.00364393
231.84614789
231.77243098
236.60975814
196.92670985
209.81323558
248.24922553
247.50587166
244.22456417
222.78048733
254.86544786
254.27404999
255.21842587
254.66066173
253.42720656
254.28407400
254.87855763
254.89770188
255.06315808
254.53092408
255.46292511
254.54408248
251.88013534
251.47596124
249.93179265
248.93335281
246.48505761
245.83880294
242.93636632
232.68095961
229.84306793
230.39207584
233.18790369
228.96914810
231.67908980
234.63674258
196.76709010
207.50529451
248.97060022
247.47126967
246.89044778
225.19026414
247.64677328
254.79279576
254.78955266
254.77022600
253.76725591
254.69051554
253.20551440
243.10477645
237.76538235
231.51910940
252.00561841
254.45327315
250.63374156
235.12163684
225.97789745
238.14190727
246.83570986
245.67693441
244.23014631
238.62099299
232.72416414
233.31472698
231.02658783
232.01737057
231.03141114
236.70792856
196.92568934
207.77685483
248.80760261
247.35057814
244.23173092
237.81704915
233.95753323
254.86237031
255.05248094
254.59172470
253.62933469
254.10639936
244.10468916
239.28134968
237.52278420
236.63391882
224.94340018
254.90830996
249.10050347
237.81690471
237.74217476
216.88230016
240.82805529
245.59237972
243.65080468
242.57875079
230.32283771
230.58151564
233.36980878
231.65623173
231.82560912
236.97033621
199.16421201
209.92551154
248.78062753
247.39892711
247.03737885
243.87869923
225.76785508
245.60616720
255.17424388
254.97403527
254.14690802
247.66191190
242.62640941
240.24113026
237.80876883
237.58266465
225.99189778
240.83526213
251.67916713
245.53058729
236.02548744
229.60071677
224.83956623
245.79877959
244.00714471
242.70399716
233.66355230
231.52767737
233.18014379
231.75783703
231.75408946
235.10168461
199.24135613
208.93560411
246.54193293
244.51443811
246.82694389
246.91237773
229.54135188
239.88112440
255.00344080
254.74178460
253.82655058
243.55755963
227.11818440
239.02661930
253.86152302
239.72124958
230.05769536
227.51971858
251.42960471
251.27727791
246.00959210
233.13332359
214.87119726
245.61188950
243.89617389
242.69368266
235.82233412
233.46901911
230.23362456
231.92714816
231.89016320
234.55227845
197.00701592
207.84521694
248.43422136
244.49176112
247.28040345
243.99921775
225.98720471
245.79189665
255.18206756
254.79078273
253.44005578
243.25758896
218.23052382
254.86377680
254.82384848
244.80163631
240.04431603
216.60144744
248.73615900
251.68482165
249.93886021
236.00307800
214.70511188
245.69337489
243.97322234
242.73378568
236.94070722
233.34546991
229.96752562
231.93381755
231.44806595
236.69293153
199.04012072
209.66616203
248.95386064
244.30980515
246.95500233
246.88344160
227.66605982
246.47778442
254.63619872
255.08962597
253.59115642
245.37308596
223.25065477
249.58576527
254.70932397
250.60689766
237.42051850
222.50427797
239.64855451
251.37968379
250.13801685
238.89180181
212.96438486
245.62501632
243.83084134
242.67845230
237.67227666
233.16760730
233.44296524
228.60181227
228.99484886
234.48349968
197.35956618
209.76476573
248.43602867
247.42617853
246.90880942
244.16845435
232.26628768
239.65741156
254.91672937
254.97145123
253.40207687
244.40290499
234.03213692
227.69965612
255.01908700
254.60662440
241.46885854
231.52595617
225.07228810
251.50342506
247.97026202
237.11958009
214.50240452
245.69409587
243.60051796
242.48658016
235.94450103
231.44000556
230.01630185
228.93884490
231.59419298
234.83298922
198.62688065
207.62122548
246.84992556
247.49212100
243.94396026
247.10711005
236.59362099
231.65435723
254.65842126
254.68317800
254.12118867
248.57589504
241.73443683
232.20911706
229.75565782
254.40422456
243.64868497
236.99937460
231.19387325
235.84230324
236.69188487
230.06253018
224.76832457
245.59080428
243.44689467
242.65416959
237.63450495
230.23522090
232.78580042
228.98677474
228.91386900
234.88130982
197.29354360
208.00466615
248.09478189
247.28574745
243.96727941
246.73096006
241.90421478
220.73003043
255.35070920
254.50569499
253.84588268
254.47790893
243.18754090
241.77848063
217.96962569
254.72907185
252.01708888
239.64693457
234.78707176
234.43369787
237.89691532
220.94953786
238.67884845
245.48531791
244.09975293
242.71546757
239.22899809
235.50280392
230.18707823
229.05354455
228.68792993
234.52013703
197.11600477
209.78363858
246.87648880
244.83677364
247.15665357
247.00989456
243.53138709
231.65951807
237.81616355
254.47795502
253.72087304
254.67111895
252.95348239
242.17395345
242.52227944
255.06176374
254.81647994
248.54690633
238.16685100
233.38665689
226.22506923
234.89434021
247.14502325
245.73955103
244.19547317
242.59997249
239.76215302
237.43709803
230.13942445
229.08230416
228.81673732
236.52011915
199.23314229
207.34145150
248.67118388
244.38491089
244.11008244
243.92734143
245.85388421
240.48315395
223.17986952
251.65579592
254.04279339
254.63796180
254.96655370
255.01145218
254.43840104
254.68528732
254.76627158
254.25045543
251.91526613
248.78975255
249.80229453
249.08815999
246.70143569
245.82215833
243.53902270
242.91028875
239.31621851
239.04756379
233.35216762
231.83179044
231.21681151
236.78385038
197.70224855
207.46518556
246.62593263
247.33962569
246.94868977
247.16304403
242.71678318
244.59562435
240.86665327
225.68739173
251.41319086
254.40717776
255.06297219
254.89554625
254.59944943
254.90195329
255.34396447
254.72562364
251.68542249
251.38286575
250.17049635
248.95855223
246.83881616
245.69381493
244.04976886
242.42137637
239.39635228
239.14664347
233.22946045
232.06732363
228.93391454
234.70444077
199.19161195
207.71227895
248.74670933
247.74751885
246.83572576
246.67859136
246.19794278
244.73301561
241.99011739
236.75503989
226.86217588
251.55455366
255.07196953
255.02114334
254.78177251
254.71409758
255.16545142
254.52492737
251.75135300
251.21004480
249.95076955
248.85837281
246.99524461
245.61802652
243.98001232
243.03069428
239.53729157
236.87441924
229.85783145
228.92436678
228.64538682
234.53612731
196.91128147
209.82106796
247.01733661
244.32322406
247.28530816
243.83093361
242.60790824
241.61575069
242.15537468
240.77319621
241.60610236
229.52754832
241.98197070
254.88578764
254.79700899
254.58131073
255.03942399
254.44435192
251.80586439
251.60658557
250.33364637
248.85895644
246.38834128
245.74865023
244.02083909
242.66219622
239.99599142
234.55258455
230.13101125
232.06766420
231.83680464
236.69469242
197.28021786
209.22825764
247.13389389
247.78011568
243.90089963
244.26193688
242.98073471
241.61335618
241.68735971
240.40062523
239.94978517
239.42892927
240.29701178
233.97705920
236.85230492
241.68734736
245.60313947
246.47788994
238.94060172
242.29875310
249.79204738
249.07553418
246.90169976
245.73070512
243.96610486
242.59574695
233.68839388
233.41235124
229.85687050
229.34015834
228.91792093
236.55147324
196.86007316
209.69068124
246.89004418
246.58247471
243.93547136
246.85771421
242.84579887
244.74840832
244.91138006
240.49852692
242.50495503
242.38922439
240.21594178
241.67511869
240.68578413
240.57080924
237.31186295
239.76187421
234.63228450
226.82036960
228.97343900
243.09917818
246.11220788
245.57294166
238.60645131
234.61365002
230.11435373
230.62648489
232.93774028
232.22491635
231.49144708
234.56851537
196.63841439
207.77969923
246.57214159
247.29366620
246.90665573
246.79278228
242.81434018
241.45732504
244.66166931
243.54110918
242.65353621
239.48016663
242.89123508
239.90048165
237.84217322
240.67272018
240.39504204
239.72851978
234.66216911
234.65314186
238.18592356
237.06924184
233.60566806
232.51214445
234.90664483
234.79047025
232.89420385
230.45774675
230.05490160
232.11790078
232.09510162
236.99378396
198.68140161
207.81613138
246.77900497
247.53225848
246.84714759
246.98211641
242.77143315
243.42267401
244.78124791
244.03048041
242.91825209
239.68557418
240.31279848
238.84332255
239.38651657
237.88940138
239.66160744
236.78431134
234.28107424
237.79881131
236.14236254
234.00513549
233.76502700
236.07136749
232.09807032
234.23258506
229.28755383
230.17288415
230.10062656
229.23308295
231.04800493
233.70860437
199.27824695
201.02144802
232.72723914
248.47182552
246.89960382
246.92213418
242.57543918
244.74133629
244.79331521
243.86411201
239.52244818
241.77971153
239.90419126
239.09590594
240.58251648
240.63011486
239.87000418
239.89451148
234.87316370
237.62575893
238.29818075
233.69163183
233.80209668
235.69079558
234.99176868
234.63384481
229.78890318
233.40667663
233.03822500
234.09260254
235.64099548
217.50838731
192.28103679
128.78461496
210.98417170
233.88809668
246.02209544
248.72191410
245.71296751
246.65960041
244.88228383
246.78082452
242.76493871
245.38445060
244.15992657
242.85860888
241.62914353
241.68249238
241.13990117
243.94833131
240.13338243
239.40495219
240.92847786
238.74507906
240.48564138
240.58993817
238.06509723
237.59022806
235.89088829
236.43056701
235.90243645
233.94207609
220.00508074
199.78528363
122.17526017
  0.34891110
129.46566315
203.33386727
206.78578140
206.91192371
207.38838059
206.66086274
205.72768763
207.11927751
203.78107157
205.51951371
206.19030890
203.68593023
204.61414162
202.55425757
203.14573962
203.66583708
200.71056800
200.87732945
203.07104278
203.02102453
200.76553858
199.80339794
201.04773690
199.51176462
197.75956053
198.12532708
200.16186380
198.02308091
191.13594225
122.04323721
  0.64875555
